0 10000 8.0017E13
1.02 9992 8.0006E13
2.04 9942.5 7.9942E13
3.06 9850.1 7.993E13
4.08 9714.2 7.991E13
5.1 9533.8 7.984E13
6.12 9306.5 7.9706E13
7.14 9024.5 7.9642E13
8.16 8697 7.9536E13
9.18 8332.7 7.9414E13
10.2 7946.9 7.928E13
11.22 7563.2 7.9082E13
12.24 7206.3 7.8954E13
13.26 6912.8 7.8794E13
14.28 6692.6 7.857E13
15.3 6530.4 7.832E13
16.32 6400.5 7.8134E13
17.34 6287.5 7.7888E13
18.36 6180.5 7.7642E13
19.38 6075.7 7.736E13
20.4 5972.5 7.704E13
21.42 5870.1 7.672E13
22.44 5768.7 7.64E13
23.46 5667.5 7.609E13
24.48 5566.6 7.5744E13
25.5 5465.9 7.536E13
26.52 5363.4 7.4976E13
27.54 5256.7 7.4592E13
28.56 5143.6 7.4218E13
29.58 5023.1 7.3808E13
30.6 4894.6 7.336E13
31.62 4756.9 7.2912E13
32.64 4608.4 7.2474E13
33.66 4447.7 7.1984E13
34.68 4269.7 7.1503E13
35.7 4070.5 7.096E13
36.72 3846.1 7.0186E13
37.74 3593.6 6.8862E13
38.76 3287 6.7591E13
39.78 2947.7 6.4644E13
40.8 2545.2 6.071E13
41.82 2126.5 5.483E13
42.84 1741.3 4.8257E13
43.86 1443.3 4.1736E13
44.88 1250.6 3.4965E13
45.9 1093.6 2.8713E13
46.92 942.63 2.3035E13
47.94 809.69 1.7576E13
48.96 667.96 1.275E13
49.98 484.76 8.7577E12
51 200 5.6E12
