0 17152 6.0013E13
1.02 17138 6.0005E13
2.04 17051 5.9957E13
3.06 16890 5.9947E13
4.08 16650 5.9933E13
5.1 16325 5.988E13
6.12 15903 5.9779E13
7.14 15353 5.9731E13
8.16 14664 5.9652E13
9.18 13803 5.9561E13
10.2 12743 5.946E13
11.22 11496 5.9311E13
12.24 10182 5.9215E13
13.26 9092.3 5.9095E13
14.28 8305.4 5.8927E13
15.3 7701.3 5.874E13
16.32 7219.5 5.8601E13
17.34 6865.4 5.8416E13
18.36 6622.5 5.8231E13
19.38 6455.5 5.802E13
20.4 6328.4 5.778E13
21.42 6217 5.754E13
22.44 6112.4 5.73E13
23.46 6011.9 5.7067E13
24.48 5913.5 5.6808E13
25.5 5814.9 5.652E13
26.52 5713.4 5.6232E13
27.54 5607.5 5.5944E13
28.56 5496 5.5663E13
29.58 5377.6 5.5356E13
30.6 5250.5 5.502E13
31.62 5113 5.4684E13
32.64 4964.1 5.4355E13
33.66 4803.5 5.3988E13
34.68 4627.7 5.3627E13
35.7 4433.7 5.322E13
36.72 4217.1 5.264E13
37.74 3973.1 5.1647E13
38.76 3671.6 5.0693E13
39.78 3329.3 4.8483E13
40.8 2909.2 4.5533E13
41.82 2447.3 4.1123E13
42.84 1996.6 3.6193E13
43.86 1635 3.1302E13
44.88 1395.9 2.6224E13
45.9 1202.9 2.1535E13
46.92 1021.4 1.7276E13
47.94 864.28 1.3182E13
48.96 702.98 9.5622E12
49.98 502.75 6.5683E12
51 200 4.2E12
