0 23958 4.0009E13
1.02 23941 4.0003E13
2.04 23837 3.9971E13
3.06 23642 3.9965E13
4.08 23354 3.9955E13
5.1 22970 3.992E13
6.12 22482 3.9853E13
7.14 21865 3.9821E13
8.16 21130 3.9768E13
9.18 20269 3.9707E13
10.2 19278 3.964E13
11.22 18158 3.9541E13
12.24 16884 3.9477E13
13.26 15463 3.9397E13
14.28 13915 3.9285E13
15.3 12308 3.916E13
16.32 10823 3.9067E13
17.34 9722 3.8944E13
18.36 8936.9 3.8821E13
19.38 8295.1 3.868E13
20.4 7732.9 3.852E13
21.42 7238.5 3.836E13
22.44 6837 3.82E13
23.46 6548.6 3.8045E13
24.48 6355.4 3.7872E13
25.5 6215.5 3.768E13
26.52 6095.1 3.7488E13
27.54 5977 3.7296E13
28.56 5852.8 3.7109E13
29.58 5721.1 3.6904E13
30.6 5583.7 3.668E13
31.62 5441 3.6456E13
32.64 5290 3.6237E13
33.66 5127.5 3.5992E13
34.68 4947.5 3.5752E13
35.7 4747.2 3.548E13
36.72 4526.9 3.5093E13
37.74 4286.4 3.4431E13
38.76 3999.4 3.3796E13
39.78 3678.3 3.2322E13
40.8 3279.4 3.0355E13
41.82 2819 2.7415E13
42.84 2322.2 2.4129E13
43.86 1883.8 2.0868E13
44.88 1578.1 1.7483E13
45.9 1332.6 1.4357E13
46.92 1109.1 1.1517E13
47.94 920.54 8.788E12
48.96 735.93 6.3748E12
49.98 517.89 4.3788E12
51 200 2.8E12
