0 9000 3E13
0.25628 8996.8 3E13
0.51256 8987.4 3E13
0.76884 8971.6 3E13
1.02512 8949.6 3E13
1.2814 8921.5 3E13
1.53769 8887.2 3E13
1.79397 8846.8 3E13
2.05025 8800.6 2.99E13
2.30653 8748.5 2.99E13
2.56281 8690.7 2.99E13
2.81909 8627.4 2.99E13
3.07537 8558.8 2.99E13
3.33165 8484.9 2.98E13
3.58793 8406 2.98E13
3.84422 8322.2 2.98E13
4.1005 8233.9 2.98E13
4.35678 8141.1 2.97E13
4.61306 8044.1 2.97E13
4.86934 7943.1 2.97E13
5.12562 7838.4 2.96E13
5.3819 7730.3 2.96E13
5.63818 7618.8 2.96E13
5.89446 7504.4 2.95E13
6.15074 7387.3 2.95E13
6.40703 7267.6 2.94E13
6.66331 7145.7 2.94E13
6.91959 7021.9 2.94E13
7.17587 6896.3 2.93E13
7.43215 6769.2 2.93E13
7.68843 6640.9 2.92E13
7.94471 6511.7 2.92E13
8.20099 6381.7 2.91E13
8.45727 6251.2 2.91E13
8.71355 6120.4 2.9E13
8.96983 5989.7 2.9E13
9.22612 5859.1 2.89E13
9.4824 5728.9 2.88E13
9.73868 5599.2 2.88E13
9.99496 5470.4 2.87E13
10.25124 5342.6 2.87E13
10.50752 5215.9 2.86E13
10.7638 5090.6 2.85E13
11.02008 4966.7 2.85E13
11.27636 4844.5 2.84E13
11.53265 4724 2.83E13
11.78893 4605.5 2.83E13
12.04521 4488.9 2.82E13
12.30149 4374.5 2.81E13
12.55777 4262.3 2.81E13
12.81405 4152.5 2.8E13
13.07033 4045 2.79E13
13.32661 3939.9 2.78E13
13.58289 3837.4 2.78E13
13.83917 3737.5 2.77E13
14.09545 3640.1 2.76E13
14.35174 3545.4 2.76E13
14.60802 3453.3 2.75E13
14.8643 3363.9 2.74E13
15.12058 3277.2 2.73E13
15.37686 3193.2 2.73E13
15.63314 3111.8 2.72E13
15.88942 3033.1 2.71E13
16.1457 2956.9 2.7E13
16.40198 2883.4 2.69E13
16.65827 2812.5 2.69E13
16.91455 2744 2.68E13
17.17083 2678.1 2.67E13
17.42711 2614.6 2.66E13
17.68339 2553.4 2.66E13
17.93967 2494.6 2.65E13
18.19595 2438.1 2.64E13
18.45223 2383.7 2.63E13
18.70851 2331.5 2.62E13
18.96479 2281.4 2.62E13
19.22107 2233.3 2.61E13
19.47736 2187.1 2.6E13
19.73364 2142.8 2.59E13
19.98992 2100.3 2.58E13
20.2462 2059.5 2.58E13
20.50248 2020.3 2.57E13
20.75876 1982.8 2.56E13
21.01504 1946.8 2.55E13
21.27132 1912.2 2.55E13
21.5276 1879 2.54E13
21.78389 1847.1 2.53E13
22.04017 1816.4 2.52E13
22.29645 1786.9 2.51E13
22.55273 1758.5 2.51E13
22.80901 1731.2 2.5E13
23.06529 1704.9 2.49E13
23.32157 1679.4 2.48E13
23.57785 1654.9 2.47E13
23.83413 1631.1 2.47E13
24.09041 1608.2 2.46E13
24.3467 1585.9 2.45E13
24.60298 1564.3 2.44E13
24.85926 1543.2 2.43E13
25.11554 1522.8 2.43E13
25.37182 1502.8 2.42E13
25.6281 1483.4 2.41E13
25.88438 1464.3 2.4E13
26.14066 1445.7 2.4E13
26.39694 1427.4 2.39E13
26.65322 1409.5 2.38E13
26.9095 1391.8 2.37E13
27.16579 1374.4 2.36E13
27.42207 1357.3 2.35E13
27.67835 1340.3 2.35E13
27.93463 1323.5 2.34E13
28.19091 1306.9 2.33E13
28.44719 1290.4 2.32E13
28.70347 1274.1 2.31E13
28.95975 1257.8 2.3E13
29.21603 1241.6 2.29E13
29.47231 1225.5 2.29E13
29.7286 1209.4 2.28E13
29.98488 1193.4 2.27E13
30.24116 1177.4 2.26E13
30.49744 1161.4 2.25E13
30.75372 1145.4 2.24E13
31.01 1129.3 2.23E13
31.26628 1113.3 2.22E13
31.52256 1097.3 2.21E13
31.77884 1081.2 2.2E13
32.03513 1065.1 2.19E13
32.29141 1048.9 2.18E13
32.54769 1032.7 2.16E13
32.80397 1016.5 2.15E13
33.06025 1000.2 2.14E13
33.31653 983.82 2.13E13
33.57281 967.43 2.12E13
33.82909 950.99 2.1E13
34.08537 934.5 2.09E13
34.34165 917.96 2.08E13
34.59794 901.37 2.06E13
34.85422 884.74 2.05E13
35.1105 868.07 2.03E13
35.36678 851.36 2.02E13
35.62306 834.61 2E13
35.87934 817.82 1.98E13
36.13562 801.01 1.97E13
36.3919 784.18 1.95E13
36.64818 767.33 1.93E13
36.90446 750.46 1.91E13
37.16074 733.59 1.89E13
37.41703 716.72 1.87E13
37.67331 699.85 1.85E13
37.92959 682.99 1.83E13
38.18587 666.15 1.81E13
38.44215 649.34 1.78E13
38.69843 632.56 1.76E13
38.95471 615.82 1.74E13
39.21099 599.13 1.71E13
39.46727 582.5 1.68E13
39.72355 565.94 1.66E13
39.97984 549.46 1.63E13
40.23612 533.06 1.6E13
40.4924 516.76 1.57E13
40.74868 500.56 1.54E13
41.00496 484.48 1.51E13
41.26124 468.52 1.48E13
41.51752 452.71 1.44E13
41.7738 437.04 1.41E13
42.03008 421.53 1.37E13
42.28637 406.19 1.34E13
42.54265 391.04 1.3E13
42.79893 376.08 1.26E13
43.05521 361.33 1.22E13
43.31149 346.8 1.18E13
43.56777 332.51 1.14E13
43.82405 318.46 1.1E13
44.08033 304.68 1.06E13
44.33661 291.17 1.01E13
44.59289 277.95 9.69E12
44.84918 265.04 9.25E12
45.10546 252.44 8.8E12
45.36174 240.18 8.34E12
45.61802 228.27 7.88E12
45.8743 216.72 7.41E12
46.13058 205.56 6.95E12
46.38686 194.8 6.48E12
46.64314 184.45 6.01E12
46.89942 174.53 5.55E12
47.1557 165.06 5.09E12
47.41199 156.07 4.63E12
47.66827 147.55 4.18E12
47.92455 139.55 3.74E12
48.18083 132.06 3.32E12
48.43711 125.12 2.91E12
48.69339 118.74 2.52E12
48.94967 112.94 2.15E12
49.20595 107.74 1.8E12
49.46223 103.17 1.49E12
49.71851 99.238 1.2E12
49.9748 95.973 9.59E11
50.23108 93.394 7.57E11
50.48736 91.524 6.03E11
50.74364 90.385 5.04E11
51 90 4.65E11