0 8008.7 1.0002E14
1.02 8002.9 1.0001E14
2.04 7967.8 9.9928E13
3.06 7902.6 9.9912E13
4.08 7806.9 9.9888E13
5.1 7681.7 9.98E13
6.12 7528.9 9.9632E13
7.14 7349.5 9.9552E13
8.16 7158.5 9.942E13
9.18 6971 9.9268E13
10.2 6798.4 9.91E13
11.22 6647.9 9.8852E13
12.24 6515.5 9.8692E13
13.26 6397.3 9.8492E13
14.28 6287.9 9.8212E13
15.3 6181.7 9.79E13
16.32 6074 9.7668E13
17.34 5966.8 9.736E13
18.36 5859.4 9.7052E13
19.38 5752.3 9.67E13
20.4 5645.5 9.63E13
21.42 5538.6 9.59E13
22.44 5432.3 9.55E13
23.46 5327 9.5112E13
24.48 5222.9 9.468E13
25.5 5119.2 9.42E13
26.52 5013.4 9.372E13
27.54 4903.3 9.324E13
28.56 4787.2 9.2772E13
29.58 4664.6 9.226E13
30.6 4534.5 9.17E13
31.62 4395.2 9.114E13
32.64 4244.6 9.0592E13
33.66 4081.4 8.998E13
34.68 3901 8.9379E13
35.7 3700.6 8.87E13
36.72 3477.6 8.7733E13
37.74 3230.4 8.6078E13
38.76 2935 8.4489E13
39.78 2616 8.0805E13
40.8 2250 7.5888E13
41.82 1887.3 6.8538E13
42.84 1564 6.0322E13
43.86 1314.8 5.2171E13
44.88 1152.8 4.3707E13
45.9 1017.6 3.5892E13
46.92 884.87 2.8793E13
47.94 767 2.197E13
48.96 638.75 1.5937E13
49.98 468.79 1.0947E13
51 200 7E12
