!      r     n_20m3_e      T_keV_e      T_keV_H
0.000000000000000000e+00 1.544891591802103781e+00 1.218313895345167097e+00 1.262287679397537499e+00
5.300000000000000544e-02 1.500475568873935961e+00 1.186559338327439317e+00 1.252195363438480813e+00
7.495331880577403572e-02 1.456007910282603346e+00 1.157758268839144344e+00 1.241233283383824437e+00
9.179869280115050822e-02 1.411816683050277188e+00 1.130713893576812401e+00 1.229882377652337100e+00
1.060000000000000109e-01 1.368166953087540216e+00 1.105009896940231995e+00 1.218354409002312178e+00
1.185116028074888611e-01 1.325309622913040775e+00 1.080494438162063586e+00 1.206608313178695768e+00
1.298229563675084297e-01 1.283425656065223963e+00 1.057022431072571100e+00 1.194399667596987236e+00
1.402248194864233188e-01 1.242649579223582545e+00 1.034494557644224821e+00 1.181452830055729653e+00
1.499066376115480714e-01 1.203099160689005354e+00 1.012854698893540961e+00 1.167581379427906851e+00
1.590000000000000024e-01 1.164883300816484946e+00 9.920792712771381305e-01 1.152720267263075637e+00
1.676007159889241205e-01 1.128075048106037093e+00 9.721471913282357935e-01 1.136914726447326940e+00
1.757811138888361879e-01 1.092710595899945236e+00 9.530312646260836740e-01 1.120265130302874779e+00
1.835973856023010164e-01 1.058791163163754989e+00 9.346913746049899663e-01 1.102883398023205785e+00
1.910942175995914705e-01 1.026287387811210872e+00 9.170729169350317900e-01 1.084872692779506709e+00
1.983078414990189220e-01 9.952006445760590569e-01 9.001353495031022556e-01 1.066303169490629976e+00
2.052681173489931121e-01 9.655982321314893202e-01 8.838572835494229452e-01 1.047216493314576891e+00
2.120000000000000218e-01 9.372548862383579538e-01 8.680937449510860437e-01 1.027736436792635155e+00
2.185245981577360330e-01 9.103967862993397331e-01 8.528761154332477057e-01 1.007845341051209820e+00
2.248599564173221210e-01 8.847035118141441945e-01 8.380381292748246835e-01 9.876712102790977665e-01
2.310216440076557076e-01 8.603462030564762442e-01 8.235812409274645418e-01 9.672163512669598173e-01
2.370232056149777222e-01 8.371423484462676701e-01 8.094074196800424836e-01 9.465582655580816462e-01
2.428765118326595418e-01 8.150063744741128380e-01 7.954596345397531021e-01 9.257462382044983062e-01
2.485920352706417757e-01 7.940856269891533037e-01 7.817303732260525440e-01 9.048038718954966031e-01
2.541790707355741641e-01 7.741507343348751347e-01 7.681537782086822475e-01 8.837946116450713374e-01
2.596459127350168594e-01 7.551591041060773390e-01 7.547098539897959535e-01 8.627563758454103171e-01
2.650000000000000133e-01 7.370731120683773341e-01 7.413871116780933468e-01 8.417271331478636265e-01
2.702480342204176544e-01 7.199690146681454461e-01 7.281970459788094097e-01 8.207582932424323241e-01
2.753960784034515386e-01 7.036781047571876169e-01 7.151244604158553120e-01 7.998876764686180252e-01
2.804496389728466377e-01 6.881634749697593811e-01 7.021747946602644452e-01 7.791579189649776582e-01
2.854137347781287026e-01 6.733888986501159746e-01 6.893551022390276284e-01 7.586137222734831154e-01
2.902929554777380350e-01 6.593190322347481924e-01 6.766726853650920637e-01 7.383015765851006496e-01
2.950915112299911658e-01 6.459195774907985355e-01 6.641340874312858800e-01 7.182691607699792646e-01
2.998132752230961429e-01 6.331574065833455167e-01 6.517444831012882966e-01 6.985644423760311028e-01
3.044618202665155260e-01 6.210006533517418159e-01 6.395074293211479022e-01 6.792345392893405220e-01
3.090404504268009500e-01 6.094187744229626613e-01 6.274248933900918868e-01 6.603244350637794691e-01
3.135522285042796620e-01 5.983825838980484368e-01 6.154974584157493211e-01 6.418756580308917492e-01
3.180000000000000049e-01 5.878642653385965922e-01 6.037246146661968682e-01 6.239250381393308675e-01
3.223864141058056521e-01 5.778373646757166693e-01 5.921050666951680475e-01 6.065036451848578869e-01
3.267139421573557745e-01 5.682767674856258333e-01 5.806370110051617406e-01 5.896359898930063625e-01
3.309848939151151526e-01 5.591586638429166811e-01 5.693183611206751316e-01 5.733395390541023984e-01
3.352014319778482410e-01 5.504605036925535044e-01 5.581469134236795027e-01 5.576245623489027858e-01
3.393655845839410046e-01 5.421609453893790898e-01 5.471204575930845859e-01 5.424942964723681316e-01
3.434792570156166014e-01 5.342397997508084861e-01 5.362368409577046302e-01 5.279453857331061206e-01
3.475442417880060253e-01 5.266779716650037413e-01 5.254939979151068696e-01 5.139685401496358885e-01
3.515622277776723759e-01 5.194574009999896047e-01 5.148899551168326649e-01 5.005493431474090649e-01
3.555348084224665972e-01 5.125610042735466720e-01 5.044228214456989434e-01 4.876691406204954338e-01
3.594634891056392445e-01 5.059726182732918742e-01 4.940907697056802772e-01 4.753059494755433878e-01
3.633496938212553706e-01 4.996769465628929652e-01 4.838920149548712191e-01 4.634353343570153383e-01
3.671947712046020329e-01 4.936595095745774375e-01 4.738247928498592332e-01 4.520312136638554579e-01
3.709999999999999964e-01 4.879065987702672635e-01 4.638873403091410830e-01 4.410665683925832914e-01
3.747665940288702480e-01 4.824553930796185996e-01 4.541048758425497711e-01 4.305936394591163840e-01
3.784957067127710517e-01 4.772429391172610669e-01 4.444509111003868140e-01 4.204996098133469973e-01
3.821884351991829409e-01 4.722572244939955977e-01 4.349235510858730502e-01 4.107562377279546650e-01
3.858458241318674653e-01 4.674868643035594018e-01 4.255208209256629570e-01 4.013366307841738090e-01
3.894688691025253724e-01 4.629210741134593965e-01 4.162406670963592070e-01 3.922154302233020751e-01
3.930585198160701510e-01 4.585513149619935835e-01 4.070820493744499169e-01 3.833711361208624324e-01
3.966156829980378440e-01 4.544200411047754629e-01 3.980784539129458843e-01 3.748480389594704421e-01
4.001412250693497930e-01 4.504617510400919511e-01 3.891927049285288653e-01 3.665466751195465833e-01
4.036359746107871516e-01 4.466674712212408416e-01 3.804222844651956037e-01 3.584486629212330078e-01
4.071007246370362820e-01 4.430287369137335118e-01 3.717646348600461281e-01 3.505373724844061400e-01
4.105362346979862243e-01 4.395497048570473630e-01 3.632267230855484308e-01 3.428111102949366051e-01
4.139432328230526759e-01 4.362524865602729895e-01 3.548318986054962987e-01 3.352857672783943199e-01
4.173224173226260381e-01 4.330840610033832028e-01 3.465430934225343096e-01 3.278973144288046537e-01
4.206744584592699288e-01 4.300375127867575031e-01 3.383574935747967194e-01 3.206356908797764471e-01
4.240000000000000435e-01 4.271063995172962313e-01 3.302723466790863371e-01 3.134917623114726881e-01
4.272996606598231661e-01 4.243354660441588933e-01 3.223341924585170770e-01 3.065062129771977673e-01
4.305740354457059382e-01 4.216628650340668027e-01 3.144914612263256526e-01 2.996156628571531866e-01
4.338236969092398865e-01 4.190831443035042403e-01 3.067413682863499580e-01 2.928142265727232130e-01
4.370491963154720660e-01 4.165992450051448359e-01 2.990899574356079005e-01 2.861039590176262526e-01
4.402510647346580264e-01 4.142343886162962452e-01 2.915692414083099204e-01 2.795061286826786562e-01
4.434298140630600904e-01 4.119419396570022651e-01 2.841331227326048259e-01 2.729767249582313871e-01
4.465859379783470029e-01 4.097178707393822061e-01 2.767790651402055047e-01 2.665120832858519639e-01
4.497199128346442421e-01 4.075822004929671172e-01 2.695373460133032029e-01 2.601317071467103004e-01
4.528321985018291529e-01 4.055173708504997698e-01 2.623936918761078929e-01 2.538200244277829531e-01
4.559232391532592188e-01 4.035035135412110008e-01 2.553244491318261700e-01 2.475584965006440430e-01
4.589934640057524717e-01 4.015461201352699128e-01 2.483413156878019612e-01 2.413532223511622998e-01
4.620432880153114152e-01 3.996539062583548407e-01 2.414692965090201315e-01 2.352155348118928069e-01
4.650731125317825176e-01 3.977973972474382891e-01 2.346647015019643623e-01 2.291165901229076651e-01
4.680833259153758807e-01 3.959763192113546770e-01 2.279289370659280944e-01 2.230565955362182884e-01
4.710743041177262724e-01 3.942066035741664809e-01 2.213098856285374838e-01 2.170581518952155731e-01
4.740464112299554444e-01 3.924594953597197455e-01 2.147524561951677791e-01 2.110903035973993314e-01
4.770000000000000351e-01 3.907341225617660396e-01 2.082549560058110649e-01 2.051521043469900496e-01
4.799354123212831169e-01 3.890418988815741996e-01 2.018745350756576129e-01 1.992690133641459860e-01
4.828529796946478547e-01 3.873613485970380244e-01 1.955517437906812983e-01 1.934123381821560017e-01
4.857530236653190836e-01 3.856928005362039724e-01 1.892882055211689007e-01 1.875828229080864218e-01
4.886358562365230584e-01 3.840383290798652927e-01 1.831392988389788645e-01 1.818061242264104593e-01
4.915017802612723363e-01 3.823867018023989761e-01 1.770463636512788208e-01 1.760562206124609286e-01
4.943510898137071785e-01 3.807382142265827163e-01 1.710211808573683379e-01 1.703388275985207312e-01
4.971840705412835515e-01 3.790870653733001694e-01 1.651069279267246281e-01 1.646786582635461627e-01
5.000009999990000509e-01 3.774319191592664935e-01 1.592493600525760333e-01 1.590499053693970599e-01
5.028021479667723614e-01 3.757692096260077386e-01 1.534801629420000924e-01 1.534712281699844305e-01
5.055877767509812104e-01 3.740921732329222094e-01 1.478157980189933052e-01 1.479583807805195106e-01
5.083581414711483282e-01 3.724061123690870501e-01 1.422104249124226116e-01 1.424841703921097269e-01
5.111134903326266521e-01 3.706976988553516428e-01 1.367315639025249163e-01 1.370977835454294524e-01
5.138540648861309457e-01 3.689705565960725853e-01 1.313434568642837530e-01 1.317803498690274799e-01
5.165801002748751092e-01 3.672284313403585965e-01 1.260279530033677764e-01 1.265180787288480713e-01
5.192918254700337188e-01 3.654484100024741333e-01 1.208791105788945552e-01 1.213925036019239262e-01
5.219894634951935952e-01 3.636515849494966202e-01 1.158004123511177791e-01 1.163275507954011218e-01
5.246732316404183472e-01 3.618223114655760297e-01 1.108558810194023303e-01 1.113796644726307850e-01
5.273433416665086471e-01 3.599583258665869367e-01 1.060491453694175495e-01 1.065579330699926303e-01
5.300000000000000266e-01 3.580764361240362237e-01 1.013134832815885678e-01 1.018012710472121357e-01
