idx_sel_plas_points;plasma_x;plasma_y;plasma_z;total_intensity_fraction
2165;-3919.9800213010367;4786.360035124757;-267.17857142857144;1.433585669878756e-05
2166;-3919.9800213010367;4786.360035124757;-231.46428571428572;2.15443236550457e-05
2173;-3903.4025641891735;4760.542175363606;-267.17857142857144;1.2558689211438201e-05
2174;-3903.4025641891735;4760.542175363606;-231.46428571428572;1.8871737700155563e-05
2181;-3886.82510707731;4734.724315602454;-267.17857142857144;1.728046437501193e-05
2182;-3886.82510707731;4734.724315602454;-231.46428571428572;1.0888796088471103e-05
2189;-3870.2476499654467;4708.906455841303;-267.17857142857144;1.4848964780572753e-05
2190;-3870.2476499654467;4708.906455841303;-231.46428571428572;9.575021539755086e-06
2197;-3853.6701928535836;4683.088596080152;-267.17857142857144;2.2837972505853582e-06
2213;-3820.5152786298568;4631.452876557849;-267.17857142857144;6.09155272333961e-06
2221;-3803.937821517993;4605.6350167966975;-267.17857142857144;5.331260859516055e-06
2228;-3787.3603644061295;4579.817157035546;-302.8928571428571;2.01862049624872e-06
2229;-3787.3603644061295;4579.817157035546;-267.17857142857144;6.066423865433125e-06
2237;-3770.7829072942664;4553.999297274395;-267.17857142857144;5.0596186005527774e-06
2245;-3754.205450182403;4528.1814375132435;-267.17857142857144;3.2924593222913576e-06
2246;-3754.205450182403;4528.1814375132435;-231.46428571428572;2.196588069058076e-06
2253;-3737.6279930705396;4502.363577752092;-267.17857142857144;1.6017434833496456e-06
2261;-3721.0505359586764;4476.545717990941;-267.17857142857144;5.200386287213653e-07
2525;-3893.052949787184;4803.649708912538;-267.17857142857144;2.899987290022384e-05
2526;-3893.052949787184;4803.649708912538;-231.46428571428572;3.487977847909839e-05
2533;-3876.4754926753208;4777.831849151386;-267.17857142857144;2.6832074410650242e-05
2534;-3876.4754926753208;4777.831849151386;-231.46428571428572;3.6810941294750805e-05
2541;-3859.898035563457;4752.013989390234;-267.17857142857144;3.6801089861769815e-05
2542;-3859.898035563457;4752.013989390234;-231.46428571428572;2.4804468100128295e-05
2549;-3843.320578451594;4726.196129629084;-267.17857142857144;2.7785143904034284e-05
2550;-3843.320578451594;4726.196129629084;-231.46428571428572;2.1404786867198132e-05
2557;-3826.743121339731;4700.378269867932;-267.17857142857144;6.871963528338576e-07
2558;-3826.743121339731;4700.378269867932;-231.46428571428572;1.4811913773811989e-05
2565;-3810.165664227867;4674.56041010678;-267.17857142857144;8.681839863042797e-06
2572;-3793.588207116004;4648.74255034563;-302.8928571428571;6.289261053402264e-07
2573;-3793.588207116004;4648.74255034563;-267.17857142857144;1.791632043558598e-05
2580;-3777.0107500041404;4622.9246905844775;-302.8928571428571;2.5294173540111753e-06
2581;-3777.0107500041404;4622.9246905844775;-267.17857142857144;1.6239331563033605e-05
2588;-3760.433292892277;4597.106830823326;-302.8928571428571;2.185433007625205e-06
2589;-3760.433292892277;4597.106830823326;-267.17857142857144;2.2818367363451424e-05
2597;-3743.8558357804136;4571.288971062176;-267.17857142857144;2.0498579186531576e-05
2605;-3727.2783786685504;4545.4711113010235;-267.17857142857144;1.8280837686296656e-05
2606;-3727.2783786685504;4545.4711113010235;-231.46428571428572;5.054690764847783e-06
2613;-3710.700921556687;4519.653251539872;-267.17857142857144;1.131192517774834e-05
2614;-3710.700921556687;4519.653251539872;-231.46428571428572;3.394581125432337e-06
2621;-3694.1234644448236;4493.835391778721;-267.17857142857144;6.850836248248898e-06
2628;-3677.54600733296;4468.0175320175695;-302.8928571428571;9.861081182050417e-06
2636;-3660.968550221097;4442.199672256418;-302.8928571428571;7.88953693058719e-06
2637;-3660.968550221097;4442.199672256418;-267.17857142857144;1.0799087309088438e-06
2644;-3644.391093109233;4416.381812495267;-302.8928571428571;7.445836385927055e-06
2645;-3644.391093109233;4416.381812495267;-267.17857142857144;1.0538624478062024e-05
2652;-3627.81363599737;4390.563952734115;-302.8928571428571;9.759445391791014e-06
2653;-3627.81363599737;4390.563952734115;-267.17857142857144;9.768151986117165e-06
2660;-3611.236178885507;4364.746092972964;-302.8928571428571;8.077851565461972e-06
2661;-3611.236178885507;4364.746092972964;-267.17857142857144;8.091107720796102e-06
2668;-3594.6587217736433;4338.928233211813;-302.8928571428571;3.1193928432706174e-06
2669;-3594.6587217736433;4338.928233211813;-267.17857142857144;4.783094075655282e-06
2677;-3578.08126466178;4313.110373450661;-267.17857142857144;4.202250842190341e-06
2683;-3561.5038075499165;4287.29251368951;-338.6071428571429;2.2361970721901883e-07
2684;-3561.5038075499165;4287.29251368951;-302.8928571428571;4.793035843745364e-06
2691;-3544.9263504380533;4261.474653928359;-338.6071428571429;1.3352083478326817e-06
2692;-3544.9263504380533;4261.474653928359;-302.8928571428571;2.6747642065516533e-06
2700;-3528.3488933261897;4235.656794167207;-302.8928571428571;2.1771828725585575e-06
2708;-3511.7714362143265;4209.838934406056;-302.8928571428571;2.551266150669791e-06
2716;-3495.193979102463;4184.021074644905;-302.8928571428571;1.8700905285992466e-06
2724;-3478.6165219905997;4158.203214883753;-302.8928571428571;6.113622143211717e-07
2885;-3866.1258782733316;4820.939382700318;-267.17857142857144;4.3228824132744944e-05
2886;-3866.1258782733316;4820.939382700318;-231.46428571428572;3.624481959090304e-05
2893;-3849.548421161468;4795.121522939166;-267.17857142857144;3.9412044393685425e-05
2894;-3849.548421161468;4795.121522939166;-231.46428571428572;4.008448493694273e-05
2901;-3832.970964049605;4769.303663178015;-267.17857142857144;4.534187320216615e-05
2902;-3832.970964049605;4769.303663178015;-231.46428571428572;3.6507250177087e-05
2909;-3816.393506937741;4743.485803416864;-267.17857142857144;2.857667985206827e-05
2910;-3816.393506937741;4743.485803416864;-231.46428571428572;4.094870761708256e-05
2918;-3799.816049825878;4717.667943655712;-231.46428571428572;3.187326892086274e-05
2925;-3783.2385927140144;4691.850083894561;-267.17857142857144;3.5011475303170866e-05
2926;-3783.2385927140144;4691.850083894561;-231.46428571428572;1.377310757785699e-05
2933;-3766.6611356021513;4666.03222413341;-267.17857142857144;3.0019142600564622e-05
2940;-3750.0836784902876;4640.214364372258;-302.8928571428571;2.8935110309481186e-06
2941;-3750.0836784902876;4640.214364372258;-267.17857142857144;2.80833309748397e-05
2948;-3733.5062213784245;4614.396504611107;-302.8928571428571;1.5555709535251555e-06
2949;-3733.5062213784245;4614.396504611107;-267.17857142857144;3.932835832490855e-05
2957;-3716.9287642665613;4588.578644849956;-267.17857142857144;3.663723402705755e-05
2958;-3716.9287642665613;4588.578644849956;-231.46428571428572;1.838926564336528e-06
2965;-3700.3513071546977;4562.760785088804;-267.17857142857144;2.2699551238770068e-05
2966;-3700.3513071546977;4562.760785088804;-231.46428571428572;5.457479509071188e-06
2973;-3683.773850042834;4536.942925327653;-267.17857142857144;2.1039208083719383e-05
2980;-3667.196392930971;4511.125065566502;-302.8928571428571;1.0232690221686414e-05
2981;-3667.196392930971;4511.125065566502;-267.17857142857144;2.327564270428413e-05
2982;-3667.196392930971;4511.125065566502;-231.46428571428572;8.63770032219081e-07
2988;-3650.6189358191073;4485.30720580535;-302.8928571428571;2.532462171289779e-05
2996;-3634.041478707244;4459.489346044199;-302.8928571428571;1.691735588774985e-05
2997;-3634.041478707244;4459.489346044199;-267.17857142857144;1.677097476720831e-06
3004;-3617.4640215953805;4433.671486283048;-302.8928571428571;1.8454186412398003e-05
3005;-3617.4640215953805;4433.671486283048;-267.17857142857144;1.7788633892061647e-05
3012;-3600.8865644835173;4407.853626521896;-302.8928571428571;2.1923494219782174e-05
3013;-3600.8865644835173;4407.853626521896;-267.17857142857144;2.1214789411369044e-05
3020;-3584.309107371654;4382.035766760745;-302.8928571428571;1.8689878646942933e-05
3021;-3584.309107371654;4382.035766760745;-267.17857142857144;2.0692057549584203e-05
3028;-3567.7316502597905;4356.217906999594;-302.8928571428571;2.5587640097483843e-06
3029;-3567.7316502597905;4356.217906999594;-267.17857142857144;1.2507259359168384e-05
3035;-3551.1541931479273;4330.400047238442;-338.6071428571429;9.531605378413116e-07
3037;-3551.1541931479273;4330.400047238442;-267.17857142857144;1.1731431515240522e-05
3043;-3534.5767360360637;4304.582187477291;-338.6071428571429;2.1687048059733286e-06
3044;-3534.5767360360637;4304.582187477291;-302.8928571428571;1.645833437805636e-05
3045;-3534.5767360360637;4304.582187477291;-267.17857142857144;5.820169627874933e-06
3051;-3517.9992789242006;4278.764327716139;-338.6071428571429;1.6775262758309268e-06
3052;-3517.9992789242006;4278.764327716139;-302.8928571428571;9.81660180483227e-06
3060;-3501.421821812337;4252.946467954988;-302.8928571428571;1.1013400340397027e-05
3068;-3484.8443647004738;4227.128608193837;-302.8928571428571;1.2093505821351324e-05
3076;-3468.26690758861;4201.310748432685;-302.8928571428571;1.1169046272798176e-05
3084;-3451.689450476747;4175.492888671533;-302.8928571428571;1.0279941152344644e-05
3092;-3435.1119933648833;4149.675028910382;-302.8928571428571;6.2839320443119265e-06
3093;-3435.1119933648833;4149.675028910382;-267.17857142857144;1.0783575188925944e-06
3099;-3418.53453625302;4123.857169149231;-338.6071428571429;8.003474205163253e-06
3100;-3418.53453625302;4123.857169149231;-302.8928571428571;5.343043064363396e-06
3101;-3418.53453625302;4123.857169149231;-267.17857142857144;3.331828927962895e-06
3107;-3401.957079141157;4098.039309388079;-338.6071428571429;4.819159373653356e-06
3109;-3401.957079141157;4098.039309388079;-267.17857142857144;2.1801091734988383e-06
3115;-3385.3796220292934;4072.221449626928;-338.6071428571429;6.483870208375543e-06
3123;-3368.80216491743;4046.4035898657767;-338.6071428571429;5.769571612074112e-06
3124;-3368.80216491743;4046.4035898657767;-302.8928571428571;4.635601435552256e-06
3131;-3352.2247078055666;4020.5857301046253;-338.6071428571429;5.083472067641928e-06
3132;-3352.2247078055666;4020.5857301046253;-302.8928571428571;5.088666894806034e-06
3139;-3335.6472506937034;3994.767870343474;-338.6071428571429;3.879570588225234e-06
3140;-3335.6472506937034;3994.767870343474;-302.8928571428571;4.428353844622449e-06
3148;-3319.06979358184;3968.9500105823226;-302.8928571428571;3.794279581114395e-06
3154;-3302.4923364699766;3943.1321508211718;-374.32142857142856;1.0589311680960437e-06
3156;-3302.4923364699766;3943.1321508211718;-302.8928571428571;1.7751399761682772e-06
3163;-3285.914879358113;3917.31429106002;-338.6071428571429;1.38978383091752e-06
3164;-3285.914879358113;3917.31429106002;-302.8928571428571;1.3914548699525883e-06
3171;-3269.33742224625;3891.4964312988686;-338.6071428571429;1.0212224495796647e-06
3179;-3252.759965134386;3865.6785715377173;-338.6071428571429;1.0010770696751462e-06
3187;-3236.182508022523;3839.860711776566;-338.6071428571429;4.906890119148598e-07
3245;-3839.198806759479;4838.229056488099;-267.17857142857144;3.072806554587005e-05
3246;-3839.198806759479;4838.229056488099;-231.46428571428572;1.7248996406839722e-05
3253;-3822.6213496476153;4812.411196726947;-267.17857142857144;2.8499392912566218e-05
3254;-3822.6213496476153;4812.411196726947;-231.46428571428572;2.207705001206236e-05
3261;-3806.043892535752;4786.593336965796;-267.17857142857144;2.9834558746284574e-05
3262;-3806.043892535752;4786.593336965796;-231.46428571428572;2.8933777939416216e-05
3269;-3789.4664354238885;4760.775477204645;-267.17857142857144;1.4670532084846655e-05
3270;-3789.4664354238885;4760.775477204645;-231.46428571428572;4.579892375848752e-05
3277;-3772.8889783120253;4734.957617443493;-267.17857142857144;1.7318475451769834e-06
3278;-3772.8889783120253;4734.957617443493;-231.46428571428572;4.019663505390331e-05
3285;-3756.3115212001617;4709.139757682342;-267.17857142857144;5.1279981155793765e-05
3286;-3756.3115212001617;4709.139757682342;-231.46428571428572;1.958739524773536e-05
3293;-3739.7340640882985;4683.321897921191;-267.17857142857144;3.7127979616128124e-05
3294;-3739.7340640882985;4683.321897921191;-231.46428571428572;9.255851922093202e-06
3300;-3723.156606976435;4657.504038160038;-302.8928571428571;3.2807156592679393e-06
3301;-3723.156606976435;4657.504038160038;-267.17857142857144;3.809820458563685e-05
3302;-3723.156606976435;4657.504038160038;-231.46428571428572;3.4519892537430982e-06
3308;-3706.5791498645717;4631.686178398888;-302.8928571428571;1.1393948158719192e-06
3309;-3706.5791498645717;4631.686178398888;-267.17857142857144;5.508872719021753e-05
3317;-3690.0016927527085;4605.868318637737;-267.17857142857144;5.2190740116072e-05
3318;-3690.0016927527085;4605.868318637737;-231.46428571428572;2.2728205964478808e-06
3324;-3673.424235640845;4580.050458876584;-302.8928571428571;2.021269324135537e-06
3325;-3673.424235640845;4580.050458876584;-267.17857142857144;3.292138933724347e-05
3326;-3673.424235640845;4580.050458876584;-231.46428571428572;5.175411124508232e-06
3332;-3656.8467785289818;4554.232599115433;-302.8928571428571;9.285881188135247e-06
3333;-3656.8467785289818;4554.232599115433;-267.17857142857144;3.110629762509835e-05
3334;-3656.8467785289818;4554.232599115433;-231.46428571428572;2.6514388419047937e-06
3340;-3640.269321417118;4528.414739354283;-302.8928571428571;2.626346001710421e-05
3341;-3640.269321417118;4528.414739354283;-267.17857142857144;3.241088669813639e-05
3342;-3640.269321417118;4528.414739354283;-231.46428571428572;5.8904944716979e-07
3348;-3623.691864305255;4502.59687959313;-302.8928571428571;3.949034217129896e-05
3356;-3607.1144071933913;4476.779019831979;-302.8928571428571;2.5953164645230725e-05
3357;-3607.1144071933913;4476.779019831979;-267.17857142857144;2.9868476648749207e-06
3364;-3590.5369500815277;4450.961160070828;-302.8928571428571;2.9253083268093093e-05
3365;-3590.5369500815277;4450.961160070828;-267.17857142857144;2.0198122938491356e-05
3372;-3573.9594929696646;4425.143300309676;-302.8928571428571;3.0884543991839846e-05
3373;-3573.9594929696646;4425.143300309676;-267.17857142857144;2.7785711623871828e-05
3380;-3557.3820358578014;4399.325440548525;-302.8928571428571;2.2747274577213306e-05
3381;-3557.3820358578014;4399.325440548525;-267.17857142857144;2.7938514526124285e-05
3388;-3540.804578745938;4373.507580787374;-302.8928571428571;1.7908012609159914e-06
3389;-3540.804578745938;4373.507580787374;-267.17857142857144;2.0431983682263183e-05
3395;-3524.2271216340746;4347.689721026222;-338.6071428571429;1.0157636398029673e-06
3396;-3524.2271216340746;4347.689721026222;-302.8928571428571;2.379241875671086e-06
3397;-3524.2271216340746;4347.689721026222;-267.17857142857144;2.166662635935238e-05
3403;-3507.6496645222114;4321.871861265071;-338.6071428571429;2.488892041908854e-06
3404;-3507.6496645222114;4321.871861265071;-302.8928571428571;2.718219142698328e-05
3405;-3507.6496645222114;4321.871861265071;-267.17857142857144;1.5756176542087958e-05
3411;-3491.072207410348;4296.05400150392;-338.6071428571429;1.4590256947151524e-06
3412;-3491.072207410348;4296.05400150392;-302.8928571428571;1.7266021118920554e-05
3413;-3491.072207410348;4296.05400150392;-267.17857142857144;5.293632462010257e-06
3420;-3474.494750298484;4270.236141742768;-302.8928571428571;2.399401434352914e-05
3428;-3457.917293186621;4244.418281981617;-302.8928571428571;2.280560221307571e-05
3436;-3441.3398360747574;4218.600422220466;-302.8928571428571;2.1021211675185166e-05
3444;-3424.762378962894;4192.782562459314;-302.8928571428571;1.9081475906158315e-05
3451;-3408.1849218510306;4166.964702698163;-338.6071428571429;8.870268241524048e-06
3452;-3408.1849218510306;4166.964702698163;-302.8928571428571;1.257426390294619e-05
3453;-3408.1849218510306;4166.964702698163;-267.17857142857144;1.5630302067158909e-06
3459;-3391.6074647391674;4141.146842937012;-338.6071428571429;1.5247530896982124e-05
3460;-3391.6074647391674;4141.146842937012;-302.8928571428571;1.4614692372694662e-05
3461;-3391.6074647391674;4141.146842937012;-267.17857142857144;3.718363731759893e-06
3467;-3375.0300076273043;4115.32898317586;-338.6071428571429;1.0822602384239884e-05
3469;-3375.0300076273043;4115.32898317586;-267.17857142857144;2.753762300616253e-06
3475;-3358.4525505154406;4089.5111234147084;-338.6071428571429;1.5291695486041516e-05
3477;-3358.4525505154406;4089.5111234147084;-267.17857142857144;1.0098293221796698e-06
3483;-3341.8750934035775;4063.6932636535576;-338.6071428571429;1.3816286136189783e-05
3484;-3341.8750934035775;4063.6932636535576;-302.8928571428571;8.908809884259965e-06
3491;-3325.297636291714;4037.8754038924058;-338.6071428571429;1.2387140128302301e-05
3492;-3325.297636291714;4037.8754038924058;-302.8928571428571;1.2023061384900206e-05
3498;-3308.7201791798507;4012.0575441312544;-374.32142857142856;9.342568883441801e-07
3499;-3308.7201791798507;4012.0575441312544;-338.6071428571429;7.558596645259565e-06
3500;-3308.7201791798507;4012.0575441312544;-302.8928571428571;1.2128357948504782e-05
3506;-3292.142722067987;3986.239684370103;-374.32142857142856;1.903237438759711e-06
3508;-3292.142722067987;3986.239684370103;-302.8928571428571;1.1319241403062709e-05
3514;-3275.565264956124;3960.421824608952;-374.32142857142856;1.3259185980238588e-06
3515;-3275.565264956124;3960.421824608952;-338.6071428571429;5.236079754832589e-06
3516;-3275.565264956124;3960.421824608952;-302.8928571428571;6.674161315856804e-06
3523;-3258.9878078442603;3934.6039648478004;-338.6071428571429;6.170902356662679e-06
3524;-3258.9878078442603;3934.6039648478004;-302.8928571428571;6.178287790018977e-06
3531;-3242.410350732397;3908.786105086649;-338.6071428571429;5.693785864738831e-06
3532;-3242.410350732397;3908.786105086649;-302.8928571428571;2.5945854787544736e-06
3539;-3225.8328936205335;3882.9682453254977;-338.6071428571429;7.850441097196232e-06
3547;-3209.2554365086703;3857.1503855643464;-338.6071428571429;7.1850057448814414e-06
3555;-3192.677979396807;3831.332525803195;-338.6071428571429;6.542967368262309e-06
3562;-3176.1005222849435;3805.514666042044;-374.32142857142856;4.772194694606937e-07
3563;-3176.1005222849435;3805.514666042044;-338.6071428571429;5.923556797172424e-06
3570;-3159.5230651730803;3779.6968062808924;-374.32142857142856;3.5464485266325783e-06
3571;-3159.5230651730803;3779.6968062808924;-338.6071428571429;3.55102325971929e-06
3578;-3142.9456080612167;3753.8789465197406;-374.32142857142856;3.163216676679188e-06
3579;-3142.9456080612167;3753.8789465197406;-338.6071428571429;3.167303192311128e-06
3586;-3126.3681509493535;3728.061086758589;-374.32142857142856;4.1902783747797e-06
3588;-3126.3681509493535;3728.061086758589;-302.8928571428571;9.467056515398332e-07
3594;-3109.79069383749;3702.2432269974383;-374.32142857142856;3.6553340324795877e-06
3596;-3109.79069383749;3702.2432269974383;-302.8928571428571;2.142341973536276e-06
3605;-3812.271735245626;4855.518730275879;-267.17857142857144;1.3576169669488097e-05
3606;-3812.271735245626;4855.518730275879;-231.46428571428572;1.4047566723570248e-06
3613;-3795.694278133763;4829.700870514727;-267.17857142857144;1.2528417323161032e-05
3614;-3795.694278133763;4829.700870514727;-231.46428571428572;7.391780200046359e-06
3621;-3779.1168210218993;4803.883010753576;-267.17857142857144;7.234157162301003e-06
3622;-3779.1168210218993;4803.883010753576;-231.46428571428572;1.4044496718471692e-05
3630;-3762.5393639100357;4778.065150992425;-231.46428571428572;2.753015032810587e-05
3637;-3745.9619067981725;4752.247291231273;-267.17857142857144;6.075015562009989e-06
3638;-3745.9619067981725;4752.247291231273;-231.46428571428572;3.148887468175442e-05
3645;-3729.384449686309;4726.429431470122;-267.17857142857144;3.414109203283261e-05
3646;-3729.384449686309;4726.429431470122;-231.46428571428572;1.6136155775922397e-05
3653;-3712.8069925744458;4700.611571708971;-267.17857142857144;2.4245093746205415e-05
3654;-3712.8069925744458;4700.611571708971;-231.46428571428572;8.209833659247456e-06
3661;-3696.229535462582;4674.793711947819;-267.17857142857144;2.5063883276138476e-05
3662;-3696.229535462582;4674.793711947819;-231.46428571428572;2.679769846474873e-06
3669;-3679.652078350719;4648.975852186668;-267.17857142857144;3.959803927115873e-05
3677;-3663.074621238856;4623.157992425517;-267.17857142857144;4.0649625569047786e-05
3684;-3646.497164126992;4597.340132664365;-302.8928571428571;6.505699435657412e-06
3685;-3646.497164126992;4597.340132664365;-267.17857142857144;2.8291632475450028e-05
3692;-3629.919707015129;4571.522272903214;-302.8928571428571;1.5142520361836433e-05
3693;-3629.919707015129;4571.522272903214;-267.17857142857144;2.8880865764653055e-05
3694;-3629.919707015129;4571.522272903214;-231.46428571428572;2.1698323877817244e-06
3700;-3613.3422499032654;4545.704413142063;-302.8928571428571;3.682456411138318e-05
3701;-3613.3422499032654;4545.704413142063;-267.17857142857144;3.520014086322099e-05
3708;-3596.764792791402;4519.886553380911;-302.8928571428571;4.348432483571513e-05
3709;-3596.764792791402;4519.886553380911;-267.17857142857144;4.547826045521384e-06
3716;-3580.1873356795386;4494.06869361976;-302.8928571428571;2.972404862759362e-05
3717;-3580.1873356795386;4494.06869361976;-267.17857142857144;1.7729908254182245e-06
3724;-3563.6098785676754;4468.2508338586085;-302.8928571428571;3.479697456863667e-05
3725;-3563.6098785676754;4468.2508338586085;-267.17857142857144;1.8869455374880665e-05
3732;-3547.032421455812;4442.432974097457;-302.8928571428571;3.2223017790066376e-05
3733;-3547.032421455812;4442.432974097457;-267.17857142857144;2.8232300522911776e-05
3740;-3530.4549643439486;4416.615114336306;-302.8928571428571;2.090879926663564e-05
3741;-3530.4549643439486;4416.615114336306;-267.17857142857144;2.8898286818531314e-05
3749;-3513.8775072320855;4390.7972545751545;-267.17857142857144;2.6533281789654756e-05
3755;-3497.300050120222;4364.979394814003;-338.6071428571429;1.2552365170463705e-06
3756;-3497.300050120222;4364.979394814003;-302.8928571428571;1.784813603623481e-05
3757;-3497.300050120222;4364.979394814003;-267.17857142857144;3.322781953857284e-05
3763;-3480.7225930083587;4339.161535052852;-338.6071428571429;2.6225986834383765e-06
3764;-3480.7225930083587;4339.161535052852;-302.8928571428571;2.5515237611902687e-05
3765;-3480.7225930083587;4339.161535052852;-267.17857142857144;2.5785673954134767e-05
3771;-3464.145135896495;4313.3436752917005;-338.6071428571429;1.1554762169495397e-06
3772;-3464.145135896495;4313.3436752917005;-302.8928571428571;2.4104021837957984e-05
3773;-3464.145135896495;4313.3436752917005;-267.17857142857144;1.441656232745803e-05
3780;-3447.567678784632;4287.525815530549;-302.8928571428571;3.4105221363153264e-05
3781;-3447.567678784632;4287.525815530549;-267.17857142857144;3.218109221095287e-06
3788;-3430.9902216727683;4261.707955769398;-302.8928571428571;3.277615775419494e-05
3796;-3414.412764560905;4235.890096008246;-302.8928571428571;3.083342894200791e-05
3803;-3397.8353074490415;4210.072236247095;-338.6071428571429;9.853303353136082e-06
3804;-3397.8353074490415;4210.072236247095;-302.8928571428571;2.083041914447645e-05
3811;-3381.257850337178;4184.254376485943;-338.6071428571429;1.931052579797982e-05
3812;-3381.257850337178;4184.254376485943;-302.8928571428571;1.8499474915138743e-05
3813;-3381.257850337178;4184.254376485943;-267.17857142857144;1.7526464662947592e-06
3819;-3364.6803932253147;4158.4365167247915;-338.6071428571429;2.2825047266212604e-05
3820;-3364.6803932253147;4158.4365167247915;-302.8928571428571;2.3770296552104777e-05
3821;-3364.6803932253147;4158.4365167247915;-267.17857142857144;4.136021612604488e-06
3827;-3348.1029361134515;4132.618656963641;-338.6071428571429;1.653838637366422e-05
3829;-3348.1029361134515;4132.618656963641;-267.17857142857144;2.6013997127189866e-06
3835;-3331.525479001588;4106.800797202489;-338.6071428571429;2.312745649577857e-05
3843;-3314.9480218897247;4080.982937441338;-338.6071428571429;2.1096203753104665e-05
3844;-3314.9480218897247;4080.982937441338;-302.8928571428571;1.0991321819050679e-05
3851;-3298.370564777861;4055.165077680186;-338.6071428571429;1.63732576901498e-05
3852;-3298.370564777861;4055.165077680186;-302.8928571428571;1.6405589479177347e-05
3858;-3281.793107665998;4029.347217919035;-374.32142857142856;9.983992373441371e-07
3859;-3281.793107665998;4029.347217919035;-338.6071428571429;5.1368835898250605e-06
3860;-3281.793107665998;4029.347217919035;-302.8928571428571;1.8794780535076246e-05
3866;-3265.2156505541348;4003.5293581578835;-374.32142857142856;1.9752799562327847e-06
3868;-3265.2156505541348;4003.5293581578835;-302.8928571428571;1.8050833435756425e-05
3875;-3248.638193442271;3977.7114983967326;-338.6071428571429;1.6893318503374922e-05
3876;-3248.638193442271;3977.7114983967326;-302.8928571428571;1.179615065374029e-05
3883;-3232.0607363304075;3951.893638635581;-338.6071428571429;1.1187784761552931e-05
3884;-3232.0607363304075;3951.893638635581;-302.8928571428571;1.2091500012567588e-05
3891;-3215.4832792185443;3926.0757788744295;-338.6071428571429;1.0613917139493614e-05
3892;-3215.4832792185443;3926.0757788744295;-302.8928571428571;8.805571471334345e-06
3899;-3198.9058221066807;3900.257919113278;-338.6071428571429;1.5085735472373111e-05
3900;-3198.9058221066807;3900.257919113278;-302.8928571428571;1.876600816303254e-06
3907;-3182.3283649948175;3874.440059352127;-338.6071428571429;1.378193661852955e-05
3915;-3165.7509078829544;3848.6221995909755;-338.6071428571429;1.3007943401951158e-05
3922;-3149.173450771091;3822.804339829824;-374.32142857142856;7.87127607179886e-06
3923;-3149.173450771091;3822.804339829824;-338.6071428571429;1.2258640991966501e-05
3930;-3132.5959936592276;3796.986480068673;-374.32142857142856;8.1549120570866e-06
3931;-3132.5959936592276;3796.986480068673;-338.6071428571429;7.688821722410132e-06
3938;-3116.018536547364;3771.168620307521;-374.32142857142856;7.211145532763956e-06
3939;-3116.018536547364;3771.168620307521;-338.6071428571429;7.847738762914415e-06
3946;-3099.441079435501;3745.35076054637;-374.32142857142856;1.0137907066942412e-05
3948;-3099.441079435501;3745.35076054637;-302.8928571428571;1.1666532831563365e-06
3954;-3082.863622323637;3719.5329007852188;-374.32142857142856;9.481531486944337e-06
3956;-3082.863622323637;3719.5329007852188;-302.8928571428571;2.600478899732973e-06
3982;-3752.1897495080466;4821.172684541357;-231.46428571428572;1.3582066189262086e-06
3990;-3735.6122923961834;4795.3548247802055;-231.46428571428572;6.369242694024287e-06
3997;-3719.03483528432;4769.536965019054;-267.17857142857144;1.0593814097227165e-05
3998;-3719.03483528432;4769.536965019054;-231.46428571428572;1.059094568347531e-05
4005;-3702.4573781724566;4743.719105257903;-267.17857142857144;1.3674998711583012e-05
4006;-3702.4573781724566;4743.719105257903;-231.46428571428572;9.132911948135386e-06
4013;-3685.879921060593;4717.9012454967515;-267.17857142857144;1.0890319382175301e-05
4014;-3685.879921060593;4717.9012454967515;-231.46428571428572;7.1887739843912125e-06
4021;-3669.3024639487294;4692.083385735599;-267.17857142857144;1.2595366039254126e-05
4022;-3669.3024639487294;4692.083385735599;-231.46428571428572;1.3187383104535154e-06
4029;-3652.725006836866;4666.265525974449;-267.17857142857144;2.047774696487814e-05
4036;-3636.147549725003;4640.447666213297;-302.8928571428571;3.1941480429902347e-07
4037;-3636.147549725003;4640.447666213297;-267.17857142857144;2.2846484564420792e-05
4044;-3619.5700926131394;4614.629806452145;-302.8928571428571;7.426462802290786e-06
4045;-3619.5700926131394;4614.629806452145;-267.17857142857144;1.6738490807162038e-05
4052;-3602.9926355012763;4588.811946690995;-302.8928571428571;1.8249790309289075e-05
4053;-3602.9926355012763;4588.811946690995;-267.17857142857144;1.7637558519538585e-05
4060;-3586.415178389413;4562.994086929843;-302.8928571428571;2.84782321598518e-05
4061;-3586.415178389413;4562.994086929843;-267.17857142857144;2.8264547387302104e-05
4068;-3569.8377212775495;4537.176227168691;-302.8928571428571;2.967288290798309e-05
4069;-3569.8377212775495;4537.176227168691;-267.17857142857144;2.954019114498721e-06
4076;-3553.2602641656863;4511.35836740754;-302.8928571428571;1.9091717066815218e-05
4084;-3536.6828070538227;4485.5405076463885;-302.8928571428571;2.2506270292493097e-05
4085;-3536.6828070538227;4485.5405076463885;-267.17857142857144;6.477398216185146e-06
4092;-3520.1053499419595;4459.722647885237;-302.8928571428571;1.691240419959135e-05
4093;-3520.1053499419595;4459.722647885237;-267.17857142857144;1.5009696255681239e-05
4100;-3503.527892830096;4433.904788124086;-302.8928571428571;7.539150972179938e-06
4101;-3503.527892830096;4433.904788124086;-267.17857142857144;1.710807947948649e-05
4108;-3486.9504357182327;4408.086928362935;-302.8928571428571;1.0464957750997725e-06
4109;-3486.9504357182327;4408.086928362935;-267.17857142857144;2.046838293082954e-05
4115;-3470.372978606369;4382.269068601783;-338.6071428571429;1.1539585411936749e-06
4116;-3470.372978606369;4382.269068601783;-302.8928571428571;2.9132696735465242e-05
4117;-3470.372978606369;4382.269068601783;-267.17857142857144;3.426393624378902e-05
4123;-3453.795521494506;4356.451208840632;-338.6071428571429;2.2248524563596656e-07
4124;-3453.795521494506;4356.451208840632;-302.8928571428571;2.4634503403789064e-05
4125;-3453.795521494506;4356.451208840632;-267.17857142857144;3.0056846011846663e-05
4132;-3437.2180643826423;4330.6333490794805;-302.8928571428571;2.5535433316579367e-05
4133;-3437.2180643826423;4330.6333490794805;-267.17857142857144;2.1276921240847947e-05
4140;-3420.640607270779;4304.815489318329;-302.8928571428571;3.8941254460082954e-05
4141;-3420.640607270779;4304.815489318329;-267.17857142857144;8.645823046646718e-06
4148;-3404.063150158916;4278.997629557178;-302.8928571428571;3.891192882127003e-05
4149;-3404.063150158916;4278.997629557178;-267.17857142857144;4.1459068148284905e-06
4155;-3387.4856930470523;4253.179769796026;-338.6071428571429;7.74057750861121e-06
4156;-3387.4856930470523;4253.179769796026;-302.8928571428571;3.881184609743843e-05
4157;-3387.4856930470523;4253.179769796026;-267.17857142857144;4.4147363642610427e-07
4163;-3370.9082359351887;4227.361910034875;-338.6071428571429;2.0149983705208256e-05
4164;-3370.9082359351887;4227.361910034875;-302.8928571428571;2.5375293583334767e-05
4171;-3354.3307788233255;4201.544050273724;-338.6071428571429;3.032393497307944e-05
4172;-3354.3307788233255;4201.544050273724;-302.8928571428571;2.4522126255488794e-05
4173;-3354.3307788233255;4201.544050273724;-267.17857142857144;1.8291745848390564e-06
4179;-3337.753321711462;4175.726190512572;-338.6071428571429;2.9325445839193375e-05
4180;-3337.753321711462;4175.726190512572;-302.8928571428571;2.8335594637903854e-05
4181;-3337.753321711462;4175.726190512572;-267.17857142857144;3.911528657018415e-06
4187;-3321.1758645995988;4149.908330751421;-338.6071428571429;2.2424832827455156e-05
4188;-3321.1758645995988;4149.908330751421;-302.8928571428571;4.569126559584644e-06
4189;-3321.1758645995988;4149.908330751421;-267.17857142857144;2.3232382638457654e-06
4195;-3304.598407487735;4124.09047099027;-338.6071428571429;2.8380967113000952e-05
4196;-3304.598407487735;4124.09047099027;-302.8928571428571;5.922230053315376e-07
4203;-3288.020950375872;4098.272611229118;-338.6071428571429;2.422611680504385e-05
4204;-3288.020950375872;4098.272611229118;-302.8928571428571;1.1623369898373386e-05
4211;-3271.4434932640083;4072.4547514679666;-338.6071428571429;1.7752878407686428e-05
4212;-3271.4434932640083;4072.4547514679666;-302.8928571428571;1.8229908960981323e-05
4219;-3254.866036152145;4046.6368917068153;-338.6071428571429;1.9520257293696314e-06
4220;-3254.866036152145;4046.6368917068153;-302.8928571428571;2.2320598247391397e-05
4226;-3238.288579040282;4020.8190319456644;-374.32142857142856;2.1322770883868643e-06
4227;-3238.288579040282;4020.8190319456644;-338.6071428571429;2.068966476128482e-06
4228;-3238.288579040282;4020.8190319456644;-302.8928571428571;2.112263404482633e-05
4234;-3221.7111219284184;3995.001172184513;-374.32142857142856;9.436612014629529e-07
4235;-3221.7111219284184;3995.001172184513;-338.6071428571429;2.5295555951057405e-05
4236;-3221.7111219284184;3995.001172184513;-302.8928571428571;1.6888528047881383e-05
4243;-3205.133664816555;3969.1833124233613;-338.6071428571429;1.5845265428576662e-05
4244;-3205.133664816555;3969.1833124233613;-302.8928571428571;1.9994306464590286e-05
4251;-3188.5562077046916;3943.3654526622104;-338.6071428571429;1.5204527609524982e-05
4252;-3188.5562077046916;3943.3654526622104;-302.8928571428571;1.4783821103726169e-05
4259;-3171.9787505928284;3917.5475929010586;-338.6071428571429;2.1869600693342093e-05
4260;-3171.9787505928284;3917.5475929010586;-302.8928571428571;7.466364309058763e-06
4266;-3155.401293480965;3891.7297331399072;-374.32142857142856;1.3632546733668298e-06
4267;-3155.401293480965;3891.7297331399072;-338.6071428571429;2.0455341605137074e-05
4268;-3155.401293480965;3891.7297331399072;-302.8928571428571;1.366926952625827e-06
4274;-3138.8238363691016;3865.911873378756;-374.32142857142856;7.740823110961287e-06
4275;-3138.8238363691016;3865.911873378756;-338.6071428571429;1.957679715286126e-05
4282;-3122.2463792572385;3840.094013617605;-374.32142857142856;1.5358452501753462e-05
4283;-3122.2463792572385;3840.094013617605;-338.6071428571429;1.756207654281582e-05
4290;-3105.668922145375;3814.276153856453;-374.32142857142856;1.3047569481045964e-05
4291;-3105.668922145375;3814.276153856453;-338.6071428571429;1.1927611850977736e-05
4298;-3089.091465033511;3788.4582940953014;-374.32142857142856;1.1372680229097444e-05
4299;-3089.091465033511;3788.4582940953014;-338.6071428571429;1.708338878727837e-05
4306;-3072.514007921648;3762.64043433415;-374.32142857142856;1.581422189772509e-05
4308;-3072.514007921648;3762.64043433415;-302.8928571428571;1.3489396181363861e-06
4313;-3055.9365508097844;3736.822574572999;-410.0357142857143;3.2055951322252174e-07
4314;-3055.9365508097844;3736.822574572999;-374.32142857142856;1.460149476682816e-05
4316;-3055.9365508097844;3736.822574572999;-302.8928571428571;2.9921901402256997e-06
4397;-3609.2204782111503;4657.737340001077;-267.17857142857144;5.280330816537353e-06
4404;-3592.6430210992867;4631.919480239926;-302.8928571428571;5.1977436987555205e-06
4405;-3592.6430210992867;4631.919480239926;-267.17857142857144;5.2057114567885886e-06
4412;-3576.0655639874235;4606.101620478775;-302.8928571428571;7.101815914747717e-06
4413;-3576.0655639874235;4606.101620478775;-267.17857142857144;6.838521629345447e-06
4420;-3559.4881068755603;4580.283760717623;-302.8928571428571;1.2605245388030393e-05
4421;-3559.4881068755603;4580.283760717623;-267.17857142857144;1.26246368963147e-05
4428;-3542.9106497636967;4554.465900956472;-302.8928571428571;1.4102194421316027e-05
4436;-3526.3331926518335;4528.648041195321;-302.8928571428571;9.18295577115395e-06
4444;-3509.75573553997;4502.830181434169;-302.8928571428571;8.22390806659122e-06
4452;-3493.1782784281068;4477.012321673018;-302.8928571428571;4.61235756766306e-06
4453;-3493.1782784281068;4477.012321673018;-267.17857142857144;3.5745767123589885e-06
4460;-3476.600821316243;4451.194461911867;-302.8928571428571;9.720251615293556e-07
4461;-3476.600821316243;4451.194461911867;-267.17857142857144;8.127963330195425e-06
4468;-3460.02336420438;4425.376602150715;-302.8928571428571;2.6613928946071946e-06
4469;-3460.02336420438;4425.376602150715;-267.17857142857144;1.1900566882864568e-05
4476;-3443.4459070925163;4399.558742389564;-302.8928571428571;2.3346294528874125e-05
4477;-3443.4459070925163;4399.558742389564;-267.17857142857144;2.18114432764275e-05
4484;-3426.868449980653;4373.740882628413;-302.8928571428571;1.6741639501720633e-05
4485;-3426.868449980653;4373.740882628413;-267.17857142857144;2.46392433180133e-05
4492;-3410.2909928687895;4347.923022867261;-302.8928571428571;1.742421200382343e-05
4493;-3410.2909928687895;4347.923022867261;-267.17857142857144;1.9502847812801853e-05
4500;-3393.7135357569264;4322.10516310611;-302.8928571428571;2.7105370167235442e-05
4501;-3393.7135357569264;4322.10516310611;-267.17857142857144;8.134540870626624e-06
4507;-3377.136078645063;4296.287303344959;-338.6071428571429;3.861309308429524e-06
4508;-3377.136078645063;4296.287303344959;-302.8928571428571;2.8027079144799866e-05
4509;-3377.136078645063;4296.287303344959;-267.17857142857144;3.8748769333116065e-06
4515;-3360.5586215331996;4270.469443583807;-338.6071428571429;9.446482346793457e-06
4516;-3360.5586215331996;4270.469443583807;-302.8928571428571;2.8900205036972055e-05
4523;-3343.9811644213364;4244.651583822656;-338.6071428571429;2.378520634368044e-05
4524;-3343.9811644213364;4244.651583822656;-302.8928571428571;1.9815028977692193e-05
4531;-3327.403707309473;4218.833724061504;-338.6071428571429;3.044934760438057e-05
4532;-3327.403707309473;4218.833724061504;-302.8928571428571;2.0332551543359847e-05
4539;-3310.8262501976096;4193.015864300352;-338.6071428571429;2.5904458314495392e-05
4540;-3310.8262501976096;4193.015864300352;-302.8928571428571;2.8847769601309466e-05
4547;-3294.248793085746;4167.198004539202;-338.6071428571429;1.995871019493831e-05
4548;-3294.248793085746;4167.198004539202;-302.8928571428571;7.362826715083464e-06
4549;-3294.248793085746;4167.198004539202;-267.17857142857144;1.9616128873555487e-06
4555;-3277.6713359738824;4141.38014477805;-338.6071428571429;2.4647807411821145e-05
4557;-3277.6713359738824;4141.38014477805;-267.17857142857144;6.112985929039267e-07
4563;-3261.093878862019;4115.562285016898;-338.6071428571429;1.9862763212549495e-05
4564;-3261.093878862019;4115.562285016898;-302.8928571428571;8.289629579720466e-06
4571;-3244.5164217501556;4089.744425255747;-338.6071428571429;1.337911815876531e-05
4572;-3244.5164217501556;4089.744425255747;-302.8928571428571;1.539951825887725e-05
4578;-3227.9389646382924;4063.9265654945957;-374.32142857142856;1.3375529942218645e-06
4579;-3227.9389646382924;4063.9265654945957;-338.6071428571429;9.120397819708649e-07
4580;-3227.9389646382924;4063.9265654945957;-302.8928571428571;2.097841613913531e-05
4586;-3211.3615075264292;4038.108705733445;-374.32142857142856;1.804118744083562e-06
4587;-3211.3615075264292;4038.108705733445;-338.6071428571429;1.0914785549622361e-05
4588;-3211.3615075264292;4038.108705733445;-302.8928571428571;2.0993284545807093e-05
4595;-3194.784050414566;4012.2908459722935;-338.6071428571429;3.1958987685298485e-05
4596;-3194.784050414566;4012.2908459722935;-302.8928571428571;2.002768684919978e-05
4603;-3178.2065933027025;3986.4729862111417;-338.6071428571429;2.060996320901991e-05
4604;-3178.2065933027025;3986.4729862111417;-302.8928571428571;2.7592307024313534e-05
4611;-3161.629136190839;3960.655126449991;-338.6071428571429;1.95743466854477e-05
4612;-3161.629136190839;3960.655126449991;-302.8928571428571;2.0801719327162596e-05
4618;-3145.0516790789757;3934.837266688839;-374.32142857142856;1.934170359613219e-06
4619;-3145.0516790789757;3934.837266688839;-338.6071428571429;2.836755597303905e-05
4620;-3145.0516790789757;3934.837266688839;-302.8928571428571;1.3725280925650111e-05
4626;-3128.474221967112;3909.0194069276877;-374.32142857142856;8.701152805819959e-06
4627;-3128.474221967112;3909.0194069276877;-338.6071428571429;2.688427670782339e-05
4628;-3128.474221967112;3909.0194069276877;-302.8928571428571;6.912593204922808e-06
4634;-3111.896764855249;3883.2015471665363;-374.32142857142856;1.5222100041300721e-05
4635;-3111.896764855249;3883.2015471665363;-338.6071428571429;2.5940586066880517e-05
4642;-3095.3193077433857;3857.3836874053854;-374.32142857142856;2.3142098918233776e-05
4643;-3095.3193077433857;3857.3836874053854;-338.6071428571429;1.8379809430102197e-05
4650;-3078.741850631522;3831.5658276442337;-374.32142857142856;1.7224775509125887e-05
4651;-3078.741850631522;3831.5658276442337;-338.6071428571429;1.575438038740654e-05
4658;-3062.1643935196585;3805.7479678830823;-374.32142857142856;1.5150143315015182e-05
4659;-3062.1643935196585;3805.7479678830823;-338.6071428571429;2.127723285474618e-05
4666;-3045.5869364077953;3779.930108121931;-374.32142857142856;2.0598069965763318e-05
4667;-3045.5869364077953;3779.930108121931;-338.6071428571429;3.5472484987211046e-06
4673;-3029.009479295932;3754.1122483607796;-410.0357142857143;3.3318356858985696e-07
4674;-3029.009479295932;3754.1122483607796;-374.32142857142856;1.8024654512079102e-05
4676;-3029.009479295932;3754.1122483607796;-302.8928571428571;2.9392049948371556e-06
4821;-3449.6737498023904;4468.484135699648;-267.17857142857144;1.2367860509314383e-06
4828;-3433.096292690527;4442.666275938496;-302.8928571428571;4.260879570858938e-06
4829;-3433.096292690527;4442.666275938496;-267.17857142857144;4.454243907505493e-06
4836;-3416.5188355786636;4416.848416177344;-302.8928571428571;1.1005124508747605e-05
4837;-3416.5188355786636;4416.848416177344;-267.17857142857144;9.759670355929569e-06
4844;-3399.9413784668004;4391.030556416193;-302.8928571428571;8.209518791983576e-06
4845;-3399.9413784668004;4391.030556416193;-267.17857142857144;1.1830273886633088e-05
4852;-3383.363921354937;4365.212696655041;-302.8928571428571;9.500007857218191e-06
4853;-3383.363921354937;4365.212696655041;-267.17857142857144;1.2306413705686921e-05
4860;-3366.7864642430736;4339.39483689389;-302.8928571428571;1.54576742842334e-05
4861;-3366.7864642430736;4339.39483689389;-267.17857142857144;7.406580519909669e-06
4867;-3350.2090071312105;4313.576977132739;-338.6071428571429;4.532774056094687e-06
4868;-3350.2090071312105;4313.576977132739;-302.8928571428571;1.6627741725883602e-05
4869;-3350.2090071312105;4313.576977132739;-267.17857142857144;3.608809468819034e-06
4875;-3333.631550019347;4287.759117371587;-338.6071428571429;9.88558113909018e-06
4876;-3333.631550019347;4287.759117371587;-302.8928571428571;1.7747517558669016e-05
4883;-3317.0540929074837;4261.941257610436;-338.6071428571429;1.879117775624076e-05
4884;-3317.0540929074837;4261.941257610436;-302.8928571428571;1.2545711855396607e-05
4891;-3300.47663579562;4236.123397849285;-338.6071428571429;1.982084269427723e-05
4892;-3300.47663579562;4236.123397849285;-302.8928571428571;1.3233208928329925e-05
4899;-3283.899178683757;4210.305538088133;-338.6071428571429;1.6775946444760367e-05
4900;-3283.899178683757;4210.305538088133;-302.8928571428571;2.083571450940192e-05
4907;-3267.3217215718932;4184.487678326982;-338.6071428571429;1.294639854370075e-05
4908;-3267.3217215718932;4184.487678326982;-302.8928571428571;5.528032523213811e-06
4915;-3250.74426446003;4158.669818565831;-338.6071428571429;1.4247927190293832e-05
4923;-3234.1668073481665;4132.851958804679;-338.6071428571429;9.874752629742336e-06
4924;-3234.1668073481665;4132.851958804679;-302.8928571428571;2.151202593166244e-06
4931;-3217.5893502363033;4107.034099043527;-338.6071428571429;4.883706585979602e-06
4932;-3217.5893502363033;4107.034099043527;-302.8928571428571;7.038461550567895e-06
4939;-3201.0118931244397;4081.2162392823766;-338.6071428571429;1.021199492271997e-06
4940;-3201.0118931244397;4081.2162392823766;-302.8928571428571;1.2651521039982025e-05
4947;-3184.4344360125765;4055.3983795212253;-338.6071428571429;1.5431014604059832e-05
4948;-3184.4344360125765;4055.3983795212253;-302.8928571428571;1.3217047121567277e-05
4955;-3167.8569789007133;4029.580519760074;-338.6071428571429;2.651946207665915e-05
4956;-3167.8569789007133;4029.580519760074;-302.8928571428571;1.5734798183632276e-05
4963;-3151.2795217888497;4003.762659998922;-338.6071428571429;1.811898650408606e-05
4964;-3151.2795217888497;4003.762659998922;-302.8928571428571;2.587696213004176e-05
4970;-3134.7020646769865;3977.9448002377712;-374.32142857142856;2.048204942327493e-06
4971;-3134.7020646769865;3977.9448002377712;-338.6071428571429;1.836960117335063e-05
4972;-3134.7020646769865;3977.9448002377712;-302.8928571428571;2.3319859126339915e-05
4978;-3118.124607565123;3952.1269404766194;-374.32142857142856;5.724844911181309e-06
4979;-3118.124607565123;3952.1269404766194;-338.6071428571429;2.79008756665226e-05
4980;-3118.124607565123;3952.1269404766194;-302.8928571428571;1.754624739328317e-05
4986;-3101.5471504532597;3926.309080715468;-374.32142857142856;1.4978204114423664e-05
4987;-3101.5471504532597;3926.309080715468;-338.6071428571429;2.8465541366851134e-05
4988;-3101.5471504532597;3926.309080715468;-302.8928571428571;9.511650058412536e-06
4994;-3084.969693341396;3900.491220954317;-374.32142857142856;2.232002256490253e-05
4995;-3084.969693341396;3900.491220954317;-338.6071428571429;2.852524674788119e-05
4996;-3084.969693341396;3900.491220954317;-302.8928571428571;4.5806683768134046e-06
5002;-3068.392236229533;3874.673361193166;-374.32142857142856;2.8495126948746844e-05
5003;-3068.392236229533;3874.673361193166;-338.6071428571429;1.902477307344344e-05
5004;-3068.392236229533;3874.673361193166;-302.8928571428571;1.6988477832075116e-06
5010;-3051.8147791176693;3848.855501432014;-374.32142857142856;2.1034607183310577e-05
5011;-3051.8147791176693;3848.855501432014;-338.6071428571429;1.9028615429343204e-05
5018;-3035.237322005806;3823.0376416708623;-374.32142857142856;1.8660946536781013e-05
5019;-3035.237322005806;3823.0376416708623;-338.6071428571429;2.418637977516019e-05
5026;-3018.6598648939425;3797.2197819097114;-374.32142857142856;2.236712516164257e-05
5027;-3018.6598648939425;3797.2197819097114;-338.6071428571429;7.261595232514354e-06
5028;-3018.6598648939425;3797.2197819097114;-302.8928571428571;1.5265769048499129e-06
5033;-3002.0824077820794;3771.40192214856;-410.0357142857143;3.2961507074151765e-07
5034;-3002.0824077820794;3771.40192214856;-374.32142857142856;1.9091739708345924e-05
5035;-3002.0824077820794;3771.40192214856;-338.6071428571429;4.6997006793648545e-07
5036;-3002.0824077820794;3771.40192214856;-302.8928571428571;3.086028473871779e-06
5204;-3373.0143069529477;4408.320230203974;-302.8928571428571;9.209510880551714e-07
5212;-3356.436849841084;4382.502370442822;-302.8928571428571;1.8252667834691987e-06
5220;-3339.859392729221;4356.684510681671;-302.8928571428571;4.068079707237097e-06
5221;-3339.859392729221;4356.684510681671;-267.17857142857144;2.716437585967185e-06
5227;-3323.2819356173577;4330.8666509205195;-338.6071428571429;4.0063248648326966e-06
5228;-3323.2819356173577;4330.8666509205195;-302.8928571428571;6.019946889278198e-06
5229;-3323.2819356173577;4330.8666509205195;-267.17857142857144;3.388781199404766e-06
5235;-3306.704478505494;4305.048791159368;-338.6071428571429;4.842987559120328e-06
5236;-3306.704478505494;4305.048791159368;-302.8928571428571;7.2769152620159965e-06
5243;-3290.127021393631;4279.230931398217;-338.6071428571429;8.488369749955113e-06
5244;-3290.127021393631;4279.230931398217;-302.8928571428571;5.668471356023534e-06
5251;-3273.5495642817673;4253.413071637065;-338.6071428571429;9.678596279891275e-06
5252;-3273.5495642817673;4253.413071637065;-302.8928571428571;6.460399197835968e-06
5259;-3256.972107169904;4227.595211875914;-338.6071428571429;8.276073594179443e-06
5260;-3256.972107169904;4227.595211875914;-302.8928571428571;1.0845833076409074e-05
5267;-3240.3946500580405;4201.777352114763;-338.6071428571429;6.630555341939652e-06
5268;-3240.3946500580405;4201.777352114763;-302.8928571428571;3.872270678260782e-06
5275;-3223.8171929461773;4175.959492353611;-338.6071428571429;5.916540064569297e-06
5283;-3207.2397358343137;4150.14163259246;-338.6071428571429;3.190203874996566e-06
5291;-3190.6622787224505;4124.323772831308;-338.6071428571429;9.440488002953022e-07
5299;-3174.084821610587;4098.5059130701575;-338.6071428571429;1.6455541045924819e-06
5300;-3174.084821610587;4098.5059130701575;-302.8928571428571;5.187703372065666e-06
5307;-3157.5073644987237;4072.6880533090057;-338.6071428571429;1.660094996525731e-05
5308;-3157.5073644987237;4072.6880533090057;-302.8928571428571;7.857247095047847e-06
5315;-3140.9299073868606;4046.8701935478543;-338.6071428571429;1.7867272587809513e-05
5316;-3140.9299073868606;4046.8701935478543;-302.8928571428571;1.173068141582992e-05
5323;-3124.352450274997;4021.0523337867025;-338.6071428571429;1.2482952914273476e-05
5324;-3124.352450274997;4021.0523337867025;-302.8928571428571;1.7374156953145664e-05
5331;-3107.774993163134;3995.2344740255517;-338.6071428571429;1.6468934236426422e-05
5332;-3107.774993163134;3995.2344740255517;-302.8928571428571;1.8994180230881883e-05
5338;-3091.19753605127;3969.4166142644;-374.32142857142856;6.233276611577029e-06
5339;-3091.19753605127;3969.4166142644;-338.6071428571429;2.0331611861287855e-05
5340;-3091.19753605127;3969.4166142644;-302.8928571428571;1.6566128193129906e-05
5346;-3074.620078939407;3943.5987545032485;-374.32142857142856;1.6310099504833546e-05
5347;-3074.620078939407;3943.5987545032485;-338.6071428571429;2.108250952424612e-05
5348;-3074.620078939407;3943.5987545032485;-302.8928571428571;8.350182448874608e-06
5354;-3058.0426218275434;3917.7808947420976;-374.32142857142856;2.1287019477826685e-05
5355;-3058.0426218275434;3917.7808947420976;-338.6071428571429;2.1317969721128063e-05
5356;-3058.0426218275434;3917.7808947420976;-302.8928571428571;4.581356186009517e-06
5362;-3041.46516471568;3891.9630349809463;-374.32142857142856;2.197989664936143e-05
5363;-3041.46516471568;3891.9630349809463;-338.6071428571429;1.46744700346785e-05
5364;-3041.46516471568;3891.9630349809463;-302.8928571428571;1.9693240755457625e-06
5370;-3024.8877076038166;3866.1451752197945;-374.32142857142856;1.5619955234832885e-05
5371;-3024.8877076038166;3866.1451752197945;-338.6071428571429;1.5114979158823329e-05
5378;-3008.3102504919534;3840.327315458643;-374.32142857142856;1.4139456360342771e-05
5379;-3008.3102504919534;3840.327315458643;-338.6071428571429;2.2683016050701756e-05
5386;-2991.73279338009;3814.509455697492;-374.32142857142856;1.6627547411503078e-05
5387;-2991.73279338009;3814.509455697492;-338.6071428571429;8.664565144411117e-06
5394;-2975.1553362682266;3788.6915959363405;-374.32142857142856;1.3185131166279854e-05
5612;-3246.6224927679145;4270.7027454248455;-302.8928571428571;4.1067717887455226e-07
5620;-3230.0450356560514;4244.884885663694;-302.8928571428571;1.833631387103082e-06
5627;-3213.467578544188;4219.067025902543;-338.6071428571429;1.007708954913759e-06
5628;-3213.467578544188;4219.067025902543;-302.8928571428571;1.819841801400244e-06
5635;-3196.8901214323246;4193.2491661413915;-338.6071428571429;1.193611076358665e-06
5659;-3147.1577500967346;4115.795586857937;-338.6071428571429;2.5376718530482785e-06
5660;-3147.1577500967346;4115.795586857937;-302.8928571428571;9.347976092125437e-07
5667;-3130.580292984871;4089.977727096786;-338.6071428571429;9.129658026821027e-06
5668;-3130.580292984871;4089.977727096786;-302.8928571428571;2.6215288481559877e-06
5675;-3114.002835873008;4064.1598673356348;-338.6071428571429;1.0144583315338938e-05
5676;-3114.002835873008;4064.1598673356348;-302.8928571428571;7.875381483444353e-06
5683;-3097.425378761144;4038.3420075744834;-338.6071428571429;7.419448513657127e-06
5684;-3097.425378761144;4038.3420075744834;-302.8928571428571;9.988549269925387e-06
5691;-3080.847921649281;4012.524147813332;-338.6071428571429;1.1568780042708884e-05
5692;-3080.847921649281;4012.524147813332;-302.8928571428571;1.1009940480419758e-05
5698;-3064.2704645374174;3986.7062880521803;-374.32142857142856;6.603107053296416e-06
5699;-3064.2704645374174;3986.7062880521803;-338.6071428571429;1.2500475171790482e-05
5700;-3064.2704645374174;3986.7062880521803;-302.8928571428571;1.251761630453158e-05
5706;-3047.6930074255542;3960.8884282910294;-374.32142857142856;1.3382453880556627e-05
5707;-3047.6930074255542;3960.8884282910294;-338.6071428571429;1.3399710284500246e-05
5708;-3047.6930074255542;3960.8884282910294;-302.8928571428571;6.907056444120613e-06
5714;-3031.115550313691;3935.070568529878;-374.32142857142856;1.4249103826556507e-05
5715;-3031.115550313691;3935.070568529878;-338.6071428571429;1.4268606366029847e-05
5716;-3031.115550313691;3935.070568529878;-302.8928571428571;4.195677708471741e-06
5722;-3014.5380932018275;3909.2527087687267;-374.32142857142856;1.5084638700704192e-05
5723;-3014.5380932018275;3909.2527087687267;-338.6071428571429;1.0070048481111419e-05
5724;-3014.5380932018275;3909.2527087687267;-302.8928571428571;1.631998230348117e-06
5730;-2997.9606360899643;3883.434849007575;-374.32142857142856;9.879781176363967e-06
5731;-2997.9606360899643;3883.434849007575;-338.6071428571429;1.060707583303526e-05
5738;-2981.3831789781007;3857.6169892464236;-374.32142857142856;9.224331433609324e-06
5739;-2981.3831789781007;3857.6169892464236;-338.6071428571429;1.6222300269803506e-05
5746;-2964.805721866237;3831.7991294852723;-374.32142857142856;9.817633231841204e-06
5747;-2964.805721866237;3831.7991294852723;-338.6071428571429;7.022679875107425e-06
5754;-2948.228264754374;3805.981269724121;-374.32142857142856;6.573345739380495e-06
5755;-2948.228264754374;3805.981269724121;-338.6071428571429;8.489262162106188e-07
6035;-3087.075764359155;4081.449541123415;-338.6071428571429;1.4496405844641121e-06
6036;-3087.075764359155;4081.449541123415;-302.8928571428571;1.4514205848979095e-06
6042;-3070.4983072472915;4055.631681362264;-374.32142857142856;3.6391936680338155e-07
6043;-3070.4983072472915;4055.631681362264;-338.6071428571429;2.1534250476831714e-06
6044;-3070.4983072472915;4055.631681362264;-302.8928571428571;2.156231469466313e-06
6050;-3053.9208501354283;4029.8138216011125;-374.32142857142856;2.666537954300805e-06
6051;-3053.9208501354283;4029.8138216011125;-338.6071428571429;4.264363632056388e-06
6052;-3053.9208501354283;4029.8138216011125;-302.8928571428571;3.7265103081511483e-06
6058;-3037.3433930235647;4003.9959618399607;-374.32142857142856;3.512278752195135e-06
6059;-3037.3433930235647;4003.9959618399607;-338.6071428571429;5.274737569897733e-06
6060;-3037.3433930235647;4003.9959618399607;-302.8928571428571;5.281489375268271e-06
6066;-3020.7659359117015;3978.17810207881;-374.32142857142856;6.252572873335763e-06
6067;-3020.7659359117015;3978.17810207881;-338.6071428571429;6.260181621084121e-06
6068;-3020.7659359117015;3978.17810207881;-302.8928571428571;4.179003698367976e-06
6074;-3004.1884787998383;3952.3602423176585;-374.32142857142856;7.211602414985472e-06
6075;-3004.1884787998383;3952.3602423176585;-338.6071428571429;7.221056844835792e-06
6076;-3004.1884787998383;3952.3602423176585;-302.8928571428571;3.6548236349952803e-06
6082;-2987.611021687975;3926.542382556507;-374.32142857142856;8.145612010087666e-06
6083;-2987.611021687975;3926.542382556507;-338.6071428571429;5.437172819451112e-06
6084;-2987.611021687975;3926.542382556507;-302.8928571428571;1.232180855653572e-06
6090;-2971.0335645761115;3900.7245227953554;-374.32142857142856;5.3390950792310095e-06
6091;-2971.0335645761115;3900.7245227953554;-338.6071428571429;6.042791362931677e-06
6098;-2954.456107464248;3874.906663034204;-374.32142857142856;4.919830456705397e-06
6099;-2954.456107464248;3874.906663034204;-338.6071428571429;9.946456653382567e-06
6106;-2937.8786503523847;3849.0888032730527;-374.32142857142856;4.053680972824628e-06
6107;-2937.8786503523847;3849.0888032730527;-338.6071428571429;5.32829332333591e-06
6442;-2960.6839501741224;3943.8320563442876;-374.32142857142856;1.307968556182408e-06
6443;-2960.6839501741224;3943.8320563442876;-338.6071428571429;9.826909951468907e-07
6444;-2960.6839501741224;3943.8320563442876;-302.8928571428571;6.573694824390773e-07
6451;-2944.106493062259;3918.0141965831363;-338.6071428571429;2.43424809152455e-06
6458;-2927.529035950395;3892.1963368219845;-374.32142857142856;1.1236958881969426e-06
6459;-2927.529035950395;3892.1963368219845;-338.6071428571429;3.3750806525496733e-06
6466;-2910.951578838532;3866.378477060833;-374.32142857142856;1.1046080306497858e-06
6467;-2910.951578838532;3866.378477060833;-338.6071428571429;2.863548474516428e-06
6475;-2894.3741217266684;3840.560617299682;-338.6071428571429;1.625747273403244e-07
2934;-3766.6611356021513;4666.03222413341;-231.46428571428572;6.187693361758682e-07
2974;-3683.773850042834;4536.942925327653;-231.46428571428572;2.983825274758945e-06
3146;-3319.06979358184;3968.9500105823226;-374.32142857142856;3.543488949427329e-07
3292;-3739.7340640882985;4683.321897921191;-302.8928571428571;9.589300798621722e-07
3485;-3341.8750934035775;4063.6932636535576;-267.17857142857144;1.90077222897981e-07
3795;-3414.412764560905;4235.890096008246;-338.6071428571429;8.676960354973125e-07
3828;-3348.1029361134515;4132.618656963641;-302.8928571428571;4.014679433999583e-07
3837;-3331.525479001588;4106.800797202489;-267.17857142857144;8.490684272329366e-07
3874;-3248.638193442271;3977.7114983967326;-374.32142857142856;1.1648849814587174e-06
3914;-3165.7509078829544;3848.6221995909755;-374.32142857142856;6.570549599832378e-07
3973;-3768.76720661991;4846.990544302508;-267.17857142857144;6.891830132193981e-07
4147;-3404.063150158916;4278.997629557178;-338.6071428571429;3.199586961489642e-06
4218;-3254.866036152145;4046.6368917068153;-374.32142857142856;1.0057966464670926e-06
4307;-3072.514007921648;3762.64043433415;-338.6071428571429;7.850439784023076e-07
4389;-3625.7979353230135;4683.555199762229;-267.17857142857144;3.5535019804292987e-06
4429;-3542.9106497636967;4554.465900956472;-267.17857142857144;1.1481854299263534e-06
4445;-3509.75573553997;4502.830181434169;-267.17857142857144;2.5155541869292617e-07
4517;-3360.5586215331996;4270.469443583807;-267.17857142857144;4.7161360739042574e-07
4570;-3244.5164217501556;4089.744425255747;-374.32142857142856;4.010459059912731e-07
4636;-3111.896764855249;3883.2015471665363;-302.8928571428571;1.0149378517653116e-06
4668;-3045.5869364077953;3779.930108121931;-302.8928571428571;1.6390026475352446e-06
4796;-3499.406121137981;4545.937714983102;-302.8928571428571;7.794350633948313e-07
4804;-3482.828664026117;4520.119855221949;-302.8928571428571;1.0261266848703215e-06
4930;-3217.5893502363033;4107.034099043527;-374.32142857142856;1.8447861835848685e-07
5205;-3373.0143069529477;4408.320230203974;-267.17857142857144;4.628679574912169e-07
5213;-3356.436849841084;4382.502370442822;-267.17857142857144;1.8282668278667078e-06
5292;-3190.6622787224505;4124.323772831308;-302.8928571428571;1.924662910831857e-06
5330;-3107.774993163134;3995.2344740255517;-374.32142857142856;2.5065136248830745e-06
5393;-2975.1553362682266;3788.6915959363405;-410.0357142857143;4.672702481920997e-07
5611;-3246.6224927679145;4270.7027454248455;-338.6071428571429;6.156473572637797e-07
5682;-3097.425378761144;4038.3420075744834;-374.32142857142856;1.9395889940639527e-07
5690;-3080.847921649281;4012.524147813332;-374.32142857142856;2.8430761592055384e-06
6027;-3103.6532214710182;4107.267400884566;-338.6071428571429;1.097197792031927e-06
6114;-2921.301193240521;3823.2709435119014;-374.32142857142856;2.380342833842142e-06
6436;-2977.2614072859856;3969.649916105439;-302.8928571428571;3.309300360716662e-07
6474;-2894.3741217266684;3840.560617299682;-374.32142857142856;3.042770871381488e-07
2238;-3770.7829072942664;4553.999297274395;-231.46428571428572;5.695952904290886e-07
2598;-3743.8558357804136;4571.288971062176;-231.46428571428572;1.2275041639149888e-06
2932;-3766.6611356021513;4666.03222413341;-302.8928571428571;6.651202210585392e-07
3629;-3762.5393639100357;4778.065150992425;-267.17857142857144;6.439269529233276e-07
3702;-3613.3422499032654;4545.704413142063;-231.46428571428572;5.631801716377428e-07
3748;-3513.8775072320855;4390.7972545751545;-302.8928571428571;7.070642526648408e-07
3836;-3331.525479001588;4106.800797202489;-302.8928571428571;2.0891773736055817e-07
4197;-3304.598407487735;4124.09047099027;-267.17857142857144;6.38907105413941e-07
4300;-3089.091465033511;3788.4582940953014;-302.8928571428571;1.704945989907294e-07
4381;-3642.375392434877;4709.37305952338;-267.17857142857144;5.999380051203057e-07
4396;-3609.2204782111503;4657.737340001077;-302.8928571428571;8.920873311312347e-07
4660;-3062.1643935196585;3805.7479678830823;-302.8928571428571;3.280082117082616e-07
4877;-3333.631550019347;4287.759117371587;-267.17857142857144;2.3875359848820355e-07
5219;-3339.859392729221;4356.684510681671;-338.6071428571429;4.581601815074249e-07
5395;-2975.1553362682266;3788.6915959363405;-338.6071428571429;1.1503688512445293e-06
6115;-2921.301193240521;3823.2709435119014;-338.6071428571429;5.074932771471959e-07
6434;-2977.2614072859856;3969.649916105439;-374.32142857142856;4.949700175472382e-07
6450;-2944.106493062259;3918.0141965831363;-374.32142857142856;8.104488067058463e-07
2198;-3853.6701928535836;4683.088596080152;-231.46428571428572;6.254142154388399e-07
2220;-3803.937821517993;4605.6350167966975;-302.8928571428571;2.8852300228564363e-07
3850;-3298.370564777861;4055.165077680186;-374.32142857142856;2.001685628233347e-07
4594;-3194.784050414566;4012.2908459722935;-374.32142857142856;6.962499104021783e-07
5619;-3230.0450356560514;4244.884885663694;-338.6071428571429;6.102123634645309e-07
6435;-2977.2614072859856;3969.649916105439;-338.6071428571429;4.957112701797634e-07
2622;-3694.1234644448236;4493.835391778721;-231.46428571428572;2.6479240976477216e-07
3162;-3285.914879358113;3917.31429106002;-374.32142857142856;1.751893701136353e-07
3349;-3623.691864305255;4502.59687959313;-267.17857142857144;2.6838257606885314e-07
4210;-3271.4434932640083;4072.4547514679666;-374.32142857142856;2.0621184076717587e-07
4382;-3642.375392434877;4709.37305952338;-231.46428571428572;3.002117840835986e-07
4859;-3366.7864642430736;4339.39483689389;-338.6071428571429;2.4519819413523507e-07
5020;-3035.237322005806;3823.0376416708623;-302.8928571428571;1.516326194154676e-07
5372;-3024.8877076038166;3866.1451752197945;-302.8928571428571;1.7409369080129524e-07
5396;-2975.1553362682266;3788.6915959363405;-302.8928571428571;1.4837344174296414e-07
