idx_sel_plas_points;plasma_x;plasma_y;plasma_z;total_intensity_fraction
6441;-3943.5;4771.3;-241.2;8.187455222866978e-06
6465;-3921.4;4736.9;-241.2;1.1740462856892445e-05
7244;-3926.2;4782.4;-263.9;1.2797203392635406e-05
7245;-3926.2;4782.4;-241.2;2.5623857806718403e-05
7256;-3915.1;4765.2;-263.9;8.482316791627674e-06
7257;-3915.1;4765.2;-241.2;3.761933300125784e-05
7269;-3904.1;4747.9;-241.2;2.4962301435606123e-05
7281;-3893.0;4730.7;-241.2;2.444742937026114e-05
7293;-3882.0;4713.5;-241.2;1.5953307017829828e-05
7305;-3870.9;4696.3;-241.2;1.1654520342533798e-05
7318;-3859.9;4679.1;-218.5;3.897121884201794e-06
7351;-3826.7;4627.5;-286.7;7.3117593921750115e-06
7363;-3815.7;4610.3;-286.7;1.0743913473985124e-05
7375;-3804.6;4593.0;-286.7;7.015339207365995e-06
7387;-3793.6;4575.8;-286.7;6.877062193765442e-06
7388;-3793.6;4575.8;-263.9;3.442829754880856e-06
7399;-3782.5;4558.6;-286.7;3.366919128055234e-06
7400;-3782.5;4558.6;-263.9;6.742123452574544e-06
7411;-3771.5;4541.4;-286.7;3.299843750928604e-06
7412;-3771.5;4541.4;-263.9;6.607710222557214e-06
8048;-3908.9;4793.5;-263.9;1.343784886543814e-05
8049;-3908.9;4793.5;-241.2;4.3956864696397395e-05
8061;-3897.9;4776.2;-241.2;6.46136222903748e-05
8073;-3886.8;4759.0;-241.2;5.134087079858473e-05
8085;-3875.8;4741.8;-241.2;5.0335344245281395e-05
8097;-3864.7;4724.6;-241.2;3.290031634999626e-05
8109;-3853.7;4707.4;-241.2;2.3986607351844426e-05
8121;-3842.6;4690.2;-241.2;7.69461474526572e-06
8122;-3842.6;4690.2;-218.5;4.089693416004396e-06
8134;-3831.6;4673.0;-218.5;4.018176605580201e-06
8146;-3820.5;4655.8;-218.5;3.872434991621767e-06
8155;-3809.5;4638.5;-286.7;3.0083302643446047e-05
8158;-3809.5;4638.5;-218.5;3.6788485506502274e-06
8167;-3798.4;4621.3;-286.7;3.3292604115082976e-05
8179;-3787.4;4604.1;-286.7;2.5274710119233966e-05
8180;-3787.4;4604.1;-263.9;1.089394495563032e-05
8191;-3776.3;4586.9;-286.7;1.790098943364925e-05
8203;-3765.3;4569.7;-286.7;7.096313187954731e-06
8204;-3765.3;4569.7;-263.9;1.4210096379471538e-05
8215;-3754.2;4552.5;-286.7;6.96191176720161e-06
8216;-3754.2;4552.5;-263.9;1.3940757018824724e-05
8228;-3743.2;4535.3;-263.9;1.3674332741222604e-05
8240;-3732.1;4518.1;-263.9;2.0116287757660868e-05
8252;-3721.1;4500.9;-263.9;1.9725458770862064e-05
8264;-3710.0;4483.6;-263.9;1.935710393465956e-05
8322;-3654.7;4397.6;-309.4;8.958234988883793e-06
8325;-3654.7;4397.6;-241.2;2.9930641128968093e-06
8334;-3643.7;4380.4;-309.4;8.791733157317501e-06
8346;-3632.6;4363.2;-309.4;5.751589481199179e-06
8358;-3621.6;4345.9;-309.4;5.643493120687152e-06
8370;-3610.5;4328.7;-309.4;2.7684253070596278e-06
8852;-3891.7;4804.5;-263.9;1.3568360983142744e-05
8853;-3891.7;4804.5;-241.2;6.249174070588033e-05
8865;-3880.6;4787.3;-241.2;7.960403226063098e-05
8877;-3869.6;4770.1;-241.2;7.819198437202932e-05
8889;-3858.5;4752.9;-241.2;6.418844360091523e-05
8901;-3847.5;4735.7;-241.2;5.025054173728362e-05
8913;-3836.4;4718.5;-241.2;4.091484858295841e-05
8925;-3825.4;4701.3;-241.2;7.994043730934748e-06
8926;-3825.4;4701.3;-218.5;4.141314093331453e-06
8947;-3803.3;4666.8;-286.7;2.325921855036757e-05
8950;-3803.3;4666.8;-218.5;4.020784595987675e-06
8959;-3792.2;4649.6;-286.7;5.3848957734567444e-05
8962;-3792.2;4649.6;-218.5;3.904834506591788e-06
8971;-3781.2;4632.4;-286.7;5.313718751039437e-05
8983;-3770.1;4615.2;-286.7;3.0091436687684847e-05
8984;-3770.1;4615.2;-263.9;1.5064769525972072e-05
8995;-3759.1;4598.0;-286.7;2.230156574531928e-05
8996;-3759.1;4598.0;-263.9;1.4795383506860812e-05
9007;-3748.0;4580.8;-286.7;1.45129298490797e-05
9008;-3748.0;4580.8;-263.9;2.9056629312291745e-05
9019;-3736.9;4563.6;-286.7;7.282622032282923e-06
9020;-3736.9;4563.6;-263.9;2.8532967895823423e-05
9032;-3725.9;4546.4;-263.9;4.2009544781760634e-05
9044;-3714.8;4529.1;-263.9;4.125005948054943e-05
9056;-3703.8;4511.9;-263.9;4.047462468793453e-05
9068;-3692.7;4494.7;-263.9;3.02798088305953e-05
9080;-3681.7;4477.5;-263.9;1.9827395030660233e-05
9092;-3670.6;4460.3;-263.9;1.2885962001643055e-05
9102;-3659.6;4443.1;-309.4;9.539395342698492e-06
9114;-3648.5;4425.9;-309.4;2.4886510894255956e-05
9126;-3637.5;4408.7;-309.4;2.758469625829344e-05
9138;-3626.4;4391.5;-309.4;1.5278545916542988e-05
9141;-3626.4;4391.5;-241.2;3.027722633293647e-06
9150;-3615.4;4374.2;-309.4;1.204072276408534e-05
9151;-3615.4;4374.2;-286.7;6.027280409398329e-06
9162;-3604.3;4357.0;-309.4;8.922376788949322e-06
9175;-3593.3;4339.8;-286.7;1.1630603259325342e-05
9187;-3582.2;4322.6;-286.7;1.1426867910973903e-05
9199;-3571.2;4305.4;-286.7;1.1225481066577646e-05
9211;-3560.1;4288.2;-286.7;1.65396745552619e-05
9223;-3549.1;4271.0;-286.7;1.624460776112882e-05
9235;-3538.0;4253.8;-286.7;8.140929035244658e-06
9247;-3527.0;4236.5;-286.7;7.999598063007117e-06
9257;-3515.9;4219.3;-332.1;2.6167575925375076e-06
9259;-3515.9;4219.3;-286.7;5.244839709091211e-06
9269;-3504.9;4202.1;-332.1;5.1417926182221214e-06
9317;-3460.7;4133.3;-332.1;4.795453276426827e-06
9318;-3460.7;4133.3;-309.4;2.400248424713018e-06
9657;-3874.4;4815.6;-241.2;7.194643306855513e-05
9669;-3863.4;4798.4;-241.2;0.00010624630560854105
9681;-3852.3;4781.2;-241.2;0.00010454866759142118
9693;-3841.3;4764.0;-241.2;7.699498606522433e-05
9705;-3830.2;4746.8;-241.2;6.741659988616322e-05
9715;-3819.2;4729.6;-286.7;4.051908276231166e-06
9717;-3819.2;4729.6;-241.2;5.017110487049193e-05
9727;-3808.1;4712.3;-286.7;8.02959210620421e-06
9729;-3808.1;4712.3;-241.2;2.444692942214303e-05
9730;-3808.1;4712.3;-218.5;4.04656418600983e-06
9739;-3797.0;4695.1;-286.7;2.389194469006757e-05
9741;-3797.0;4695.1;-241.2;7.878269275406323e-06
9742;-3797.0;4695.1;-218.5;8.086617047835008e-06
9751;-3786.0;4677.9;-286.7;4.7459593203329876e-05
9754;-3786.0;4677.9;-218.5;4.031897587880844e-06
9763;-3774.9;4660.7;-286.7;7.035228355311807e-05
9775;-3763.9;4643.5;-286.7;6.196946342589041e-05
9787;-3752.8;4626.3;-286.7;4.176917620915393e-05
9788;-3752.8;4626.3;-263.9;2.2829325373370043e-05
9799;-3741.8;4609.1;-286.7;2.2611545094124586e-05
9800;-3741.8;4609.1;-263.9;2.6224675157099117e-05
9811;-3730.7;4591.9;-286.7;1.4924468917881258e-05
9812;-3730.7;4591.9;-263.9;4.063668890053829e-05
9823;-3719.7;4574.7;-286.7;7.378533896888076e-06
9824;-3719.7;4574.7;-263.9;4.3382622746672466e-05
9836;-3708.6;4557.4;-263.9;5.390518644141149e-05
9848;-3697.6;4540.2;-263.9;5.30161752484557e-05
9860;-3686.5;4523.0;-263.9;5.213183693928707e-05
9872;-3675.5;4505.8;-263.9;4.115272710176019e-05
9884;-3664.4;4488.6;-263.9;3.3579925787588224e-05
9894;-3653.4;4471.4;-309.4;6.365057852110566e-06
9896;-3653.4;4471.4;-263.9;2.288113656562977e-05
9906;-3642.3;4454.2;-309.4;2.2891556730133455e-05
9918;-3631.3;4437.0;-309.4;3.540429150260073e-05
9930;-3620.2;4419.7;-309.4;3.80589500780315e-05
9942;-3609.2;4402.5;-309.4;2.804829263363595e-05
9945;-3609.2;4402.5;-241.2;3.1794105319780446e-06
9954;-3598.1;4385.3;-309.4;1.8541419861231442e-05
9955;-3598.1;4385.3;-286.7;1.2275119564702933e-05
9966;-3587.1;4368.1;-309.4;1.2055824810034007e-05
9967;-3587.1;4368.1;-286.7;1.2062455656572656e-05
9978;-3576.0;4350.9;-309.4;9.023686477296552e-06
9979;-3576.0;4350.9;-286.7;2.371915326008444e-05
9990;-3565.0;4333.7;-309.4;3.023117147892084e-06
9991;-3565.0;4333.7;-286.7;1.776778648316727e-05
10003;-3553.9;4316.5;-286.7;1.7469902986437364e-05
10015;-3542.9;4299.3;-286.7;2.577104979325774e-05
10027;-3531.8;4282.1;-286.7;2.533863697059858e-05
10039;-3520.8;4264.8;-286.7;2.4912371460394102e-05
10051;-3509.7;4247.6;-286.7;2.1861681517688417e-05
10061;-3498.7;4230.4;-332.1;1.3264615984509843e-05
10063;-3498.7;4230.4;-286.7;1.604893598980094e-05
10073;-3487.6;4213.2;-332.1;1.3324340457280694e-05
10075;-3487.6;4213.2;-286.7;5.357070921782289e-06
10085;-3476.6;4196.0;-332.1;1.577648742001143e-05
10097;-3465.5;4178.8;-332.1;1.5518325452704946e-05
10109;-3454.4;4161.6;-332.1;1.0175033475146749e-05
10121;-3443.4;4144.4;-332.1;7.54937946477699e-06
10122;-3443.4;4144.4;-309.4;5.008356615491122e-06
10133;-3432.3;4127.1;-332.1;4.921423329416446e-06
10134;-3432.3;4127.1;-309.4;4.924609379273762e-06
10136;-3432.3;4127.1;-263.9;2.5129553782193524e-06
10145;-3421.3;4109.9;-332.1;4.841150001183093e-06
10146;-3421.3;4109.9;-309.4;9.692249907216552e-06
10158;-3410.2;4092.7;-309.4;9.528194843277188e-06
10170;-3399.2;4075.5;-309.4;9.369874797545708e-06
10182;-3388.1;4058.3;-309.4;7.058204969749316e-06
10194;-3377.1;4041.1;-309.4;6.947784368251788e-06
10206;-3366.0;4023.9;-309.4;6.832227556879315e-06
10218;-3355.0;4006.7;-309.4;6.724268261663979e-06
10228;-3343.9;3989.4;-354.8;4.402973409424411e-06
10230;-3343.9;3989.4;-309.4;6.617565230786654e-06
10240;-3332.9;3972.2;-354.8;6.499369869077702e-06
10242;-3332.9;3972.2;-309.4;4.341416606032752e-06
10252;-3321.8;3955.0;-354.8;6.395480669692458e-06
10276;-3299.7;3920.6;-354.8;4.127554393441225e-06
10460;-3857.2;4826.7;-263.9;8.406351432255125e-06
10461;-3857.2;4826.7;-241.2;7.64460226330466e-05
10473;-3846.1;4809.5;-241.2;0.00011963755695273086
10485;-3835.0;4792.3;-241.2;0.0001295008571682923
10497;-3824.0;4775.1;-241.2;8.89480051309225e-05
10507;-3812.9;4757.9;-286.7;4.1808238537016515e-06
10509;-3812.9;4757.9;-241.2;7.570965165808524e-05
10519;-3801.9;4740.6;-286.7;1.662160493490447e-05
10521;-3801.9;4740.6;-241.2;5.886678345456364e-05
10531;-3790.8;4723.4;-286.7;2.8756607023471277e-05
10533;-3790.8;4723.4;-241.2;3.722657512275353e-05
10534;-3790.8;4723.4;-218.5;3.815361967307347e-06
10543;-3779.8;4706.2;-286.7;4.0567834458236186e-05
10545;-3779.8;4706.2;-241.2;2.0100621806348274e-05
10546;-3779.8;4706.2;-218.5;3.936772846089122e-06
10555;-3768.7;4689.0;-286.7;5.5849473068127606e-05
10567;-3757.7;4671.8;-286.7;8.224265773287819e-05
10579;-3746.6;4654.6;-286.7;7.338240403626065e-05
10591;-3735.6;4637.4;-286.7;4.558765424896497e-05
10592;-3735.6;4637.4;-263.9;3.0455954233405633e-05
10603;-3724.5;4620.2;-286.7;2.2515035480604186e-05
10604;-3724.5;4620.2;-263.9;3.7382254499044996e-05
10615;-3713.5;4602.9;-286.7;1.1077116365251804e-05
10616;-3713.5;4602.9;-263.9;4.839155194431208e-05
10628;-3702.4;4585.7;-263.9;5.1251417517555584e-05
10640;-3691.4;4568.5;-263.9;7.571008396709431e-05
10652;-3680.3;4551.3;-263.9;7.454248651681783e-05
10664;-3669.3;4534.1;-263.9;7.336991451695569e-05
10676;-3658.2;4516.9;-263.9;5.1588598117126676e-05
10686;-3647.2;4499.7;-309.4;6.685312688233471e-06
10688;-3647.2;4499.7;-263.9;4.099910986334368e-05
10698;-3636.1;4482.5;-309.4;1.3179279375377311e-05
10700;-3636.1;4482.5;-263.9;3.0156624547377174e-05
10710;-3625.1;4465.3;-309.4;3.6320649389898454e-05
10712;-3625.1;4465.3;-263.9;9.785776343745385e-06
10722;-3614.0;4448.0;-309.4;5.2150411238552984e-05
10724;-3614.0;4448.0;-263.9;3.106151015783558e-06
10734;-3603.0;4430.8;-309.4;5.143166246462454e-05
10746;-3591.9;4413.6;-309.4;3.778952533302099e-05
10758;-3580.9;4396.4;-309.4;2.2047952828917635e-05
10759;-3580.9;4396.4;-286.7;1.569600125691658e-05
10770;-3569.8;4379.2;-309.4;1.2467661902023386e-05
10771;-3569.8;4379.2;-286.7;1.5454565054675272e-05
10782;-3558.8;4362.0;-309.4;9.276539864478706e-06
10783;-3558.8;4362.0;-286.7;2.7507210992234124e-05
10794;-3547.7;4344.8;-309.4;3.0636477242797403e-06
10795;-3547.7;4344.8;-286.7;2.994510289165315e-05
10807;-3536.7;4327.6;-286.7;3.814362780255348e-05
10819;-3525.6;4310.3;-286.7;4.3479752277466755e-05
10831;-3514.5;4293.1;-286.7;3.46981572727534e-05
10843;-3503.5;4275.9;-286.7;3.4158425898197244e-05
10855;-3492.4;4258.7;-286.7;2.529217836304124e-05
10865;-3481.4;4241.5;-332.1;2.1831708878908703e-05
10867;-3481.4;4241.5;-286.7;2.206290056620013e-05
10877;-3470.3;4224.3;-332.1;2.9714866626149665e-05
10879;-3470.3;4224.3;-286.7;1.3456008386466619e-05
10889;-3459.3;4207.1;-332.1;3.1990359651035946e-05
10891;-3459.3;4207.1;-286.7;5.205275032898154e-06
10901;-3448.2;4189.9;-332.1;2.897116270461552e-05
10913;-3437.2;4172.7;-332.1;1.5637071470445647e-05
10925;-3426.1;4155.4;-332.1;1.0388754015680628e-05
10926;-3426.1;4155.4;-309.4;7.752810557983312e-06
10937;-3415.1;4138.2;-332.1;7.625620132358353e-06
10938;-3415.1;4138.2;-309.4;7.633541693886881e-06
10940;-3415.1;4138.2;-263.9;5.170104630627765e-06
10949;-3404.0;4121.0;-332.1;5.079790175275382e-06
10950;-3404.0;4121.0;-309.4;1.260022124598125e-05
10952;-3404.0;4121.0;-263.9;2.5169320011627565e-06
10974;-3381.9;4086.6;-309.4;1.456286180274698e-05
10986;-3370.9;4069.4;-309.4;2.1497990292658356e-05
10998;-3359.8;4052.2;-309.4;2.1158788249669892e-05
11010;-3348.8;4035.0;-309.4;1.413851296674235e-05
11020;-3337.7;4017.7;-354.8;6.9127501111588645e-06
11022;-3337.7;4017.7;-309.4;1.3925489146011598e-05
11032;-3326.7;4000.5;-354.8;1.1366831391751487e-05
11034;-3326.7;4000.5;-309.4;1.3712858122021063e-05
11044;-3315.6;3983.3;-354.8;1.3477246275159774e-05
11046;-3315.6;3983.3;-309.4;6.709622800793718e-06
11056;-3304.6;3966.1;-354.8;1.3269198377910949e-05
11058;-3304.6;3966.1;-309.4;4.4316509335983475e-06
11068;-3293.5;3948.9;-354.8;8.70964093924051e-06
11092;-3271.4;3914.5;-354.8;4.221549757254114e-06
11093;-3271.4;3914.5;-332.1;4.225633329586296e-06
11104;-3260.4;3897.3;-354.8;4.157013074285655e-06
11105;-3260.4;3897.3;-332.1;4.157044569092838e-06
11119;-3249.3;3880.0;-286.7;2.094046036395056e-06
11129;-3238.3;3862.8;-332.1;4.118620810472532e-06
11141;-3227.2;3845.6;-332.1;4.057132078844247e-06
11153;-3216.2;3828.4;-332.1;5.9944019623181675e-06
11165;-3205.1;3811.2;-332.1;5.904028663776314e-06
11177;-3194.1;3794.0;-332.1;5.814578955655353e-06
11187;-3183.0;3776.8;-377.6;3.8141448769595386e-06
11189;-3183.0;3776.8;-332.1;5.72604914841034e-06
11201;-3171.9;3759.6;-332.1;5.6384355888963455e-06
11211;-3160.9;3742.4;-377.6;5.547551061097528e-06
11213;-3160.9;3742.4;-332.1;5.55763076583989e-06
11223;-3149.8;3725.1;-377.6;3.6413610190933025e-06
11225;-3149.8;3725.1;-332.1;1.8239633957271046e-06
11265;-3839.9;4837.8;-241.2;7.736644790132404e-05
11277;-3828.8;4820.6;-241.2;9.393674060561818e-05
11289;-3817.8;4803.4;-241.2;9.277221843448542e-05
11301;-3806.7;4786.2;-241.2;6.88665013099886e-05
11311;-3795.7;4768.9;-286.7;1.7419394653653125e-05
11313;-3795.7;4768.9;-241.2;6.802253276787088e-05
11323;-3784.6;4751.7;-286.7;2.5687659663054477e-05
11325;-3784.6;4751.7;-241.2;6.325980047133253e-05
11335;-3773.6;4734.5;-286.7;3.3780311728619966e-05
11337;-3773.6;4734.5;-241.2;4.215061535670953e-05
11347;-3762.5;4717.3;-286.7;4.948511544628496e-05
11349;-3762.5;4717.3;-241.2;2.478489912619922e-05
11350;-3762.5;4717.3;-218.5;3.666348290944756e-06
11359;-3751.5;4700.1;-286.7;6.730377219575591e-05
11361;-3751.5;4700.1;-241.2;1.2138387577026147e-05
11371;-3740.4;4682.9;-286.7;7.798480319802753e-05
11383;-3729.4;4665.7;-286.7;6.913852510599279e-05
11384;-3729.4;4665.7;-263.9;1.961707126314507e-05
11395;-3718.3;4648.5;-286.7;3.706563600086374e-05
11396;-3718.3;4648.5;-263.9;3.403734264986684e-05
11407;-3707.3;4631.2;-286.7;2.1699759669765987e-05
11408;-3707.3;4631.2;-263.9;4.057431412601261e-05
11420;-3696.2;4614.0;-263.9;5.5143604111147713e-05
11432;-3685.2;4596.8;-263.9;6.186794598393896e-05
11444;-3674.1;4579.6;-263.9;9.677711971803918e-05
11456;-3663.1;4562.4;-263.9;8.52289186517193e-05
11468;-3652.0;4545.2;-263.9;8.408779491397492e-05
11480;-3641.0;4528.0;-263.9;5.52938119884103e-05
11490;-3629.9;4510.8;-309.4;2.030432694252698e-05
11492;-3629.9;4510.8;-263.9;5.4516771939881094e-05
11502;-3618.9;4493.5;-309.4;3.0195779407662737e-05
11504;-3618.9;4493.5;-263.9;4.0480316915400056e-05
11514;-3607.8;4476.3;-309.4;5.3012198738623445e-05
11516;-3607.8;4476.3;-263.9;2.2984060827531446e-05
11526;-3596.8;4459.1;-309.4;6.237368629035967e-05
11528;-3596.8;4459.1;-263.9;6.488634312673436e-06
11529;-3596.8;4459.1;-241.2;3.2025001740129272e-06
11538;-3585.7;4441.9;-309.4;5.825481661911157e-05
11541;-3585.7;4441.9;-241.2;3.1759594930173672e-06
11550;-3574.6;4424.7;-309.4;3.829098440272698e-05
11563;-3563.6;4407.5;-286.7;2.2008839359386117e-05
11574;-3552.5;4390.3;-309.4;1.25526984385836e-05
11575;-3552.5;4390.3;-286.7;2.1687846693133707e-05
11586;-3541.5;4373.1;-309.4;6.158579898724538e-06
11587;-3541.5;4373.1;-286.7;3.6851356898759654e-05
11599;-3530.4;4355.9;-286.7;3.643712018213505e-05
11611;-3519.4;4338.6;-286.7;5.3866101678140126e-05
11623;-3508.3;4321.4;-286.7;5.307908166388203e-05
11635;-3497.3;4304.2;-286.7;5.2301179445366816e-05
11647;-3486.2;4287.0;-286.7;5.152261362011786e-05
11657;-3475.2;4269.8;-332.1;1.3663585111589474e-05
11659;-3475.2;4269.8;-286.7;3.3830770453833185e-05
11669;-3464.1;4252.6;-332.1;2.7985593988601165e-05
11671;-3464.1;4252.6;-286.7;2.525308831400732e-05
11681;-3453.1;4235.4;-332.1;3.86421265474982e-05
11683;-3453.1;4235.4;-286.7;1.651115726233021e-05
11693;-3442.0;4218.2;-332.1;3.823081074238812e-05
11695;-3442.0;4218.2;-286.7;5.3192102932242196e-06
11705;-3431.0;4200.9;-332.1;3.2280963979003916e-05
11717;-3419.9;4183.7;-332.1;1.8630435436104643e-05
11729;-3408.9;4166.5;-332.1;1.054489431411945e-05
11730;-3408.9;4166.5;-309.4;1.3029763174056926e-05
11732;-3408.9;4166.5;-263.9;2.6860416937082853e-06
11741;-3397.8;4149.3;-332.1;7.871548677338574e-06
11742;-3397.8;4149.3;-309.4;1.2831017044807985e-05
11744;-3397.8;4149.3;-263.9;5.294500063380239e-06
11754;-3386.8;4132.1;-309.4;1.8022251508085833e-05
11766;-3375.7;4114.9;-309.4;2.020913019123933e-05
11778;-3364.7;4097.7;-309.4;1.990984324603045e-05
11790;-3353.6;4080.5;-309.4;2.942489845412946e-05
11802;-3342.6;4063.2;-309.4;2.898566707611774e-05
11812;-3331.5;4046.0;-354.8;4.6277302874524384e-06
11814;-3331.5;4046.0;-309.4;2.8550613244134004e-05
11824;-3320.5;4028.8;-354.8;1.8520921414676077e-05
11826;-3320.5;4028.8;-309.4;2.812378146476034e-05
11836;-3309.4;4011.6;-354.8;2.525461514262149e-05
11838;-3309.4;4011.6;-309.4;2.0861879505336475e-05
11848;-3298.4;3994.4;-354.8;2.0765651884407313e-05
11850;-3298.4;3994.4;-309.4;1.15052408138009e-05
11860;-3287.3;3977.2;-354.8;2.0462883171928092e-05
11862;-3287.3;3977.2;-309.4;6.834202763048005e-06
11874;-3276.3;3960.0;-309.4;2.177910723487181e-06
11884;-3265.2;3942.8;-354.8;8.892269095996963e-06
11896;-3254.2;3925.6;-354.8;6.52673935066939e-06
11897;-3254.2;3925.6;-332.1;6.533054836297399e-06
11908;-3243.1;3908.3;-354.8;4.358348721632713e-06
11909;-3243.1;3908.3;-332.1;6.43468456752483e-06
11920;-3232.0;3891.1;-354.8;2.178638271257441e-06
11921;-3232.0;3891.1;-332.1;8.522644927267654e-06
11923;-3232.0;3891.1;-286.7;2.1833592068863672e-06
11933;-3221.0;3873.9;-332.1;1.2490073819020126e-05
11935;-3221.0;3873.9;-286.7;2.153068324113466e-06
11945;-3209.9;3856.7;-332.1;1.230364789097064e-05
11947;-3209.9;3856.7;-286.7;2.060380635903542e-06
11957;-3198.9;3839.5;-332.1;1.235568137953393e-05
11969;-3187.8;3822.3;-332.1;1.2180833800147611e-05
11979;-3176.8;3805.1;-377.6;5.958291326544078e-06
11981;-3176.8;3805.1;-332.1;1.2007558404928736e-05
11991;-3165.7;3787.9;-377.6;9.809959839424596e-06
11993;-3165.7;3787.9;-332.1;1.1830315404967974e-05
12003;-3154.7;3770.6;-377.6;1.1638756287785418e-05
12005;-3154.7;3770.6;-332.1;1.166011109333673e-05
12015;-3143.6;3753.4;-377.6;1.1470626760930757e-05
12017;-3143.6;3753.4;-332.1;9.612172577966988e-06
12027;-3132.6;3736.2;-377.6;7.536010833470743e-06
12029;-3132.6;3736.2;-332.1;5.622621968251232e-06
12041;-3121.5;3719.0;-332.1;3.71963091102691e-06
12051;-3110.5;3701.8;-377.6;3.6585159105742423e-06
12069;-3822.6;4848.9;-241.2;6.262523743083475e-05
12081;-3811.6;4831.7;-241.2;6.67892521578973e-05
12093;-3800.5;4814.4;-241.2;5.7033433989902034e-05
12105;-3789.5;4797.2;-241.2;5.156809889973392e-05
12115;-3778.4;4780.0;-286.7;1.7645535621263188e-05
12117;-3778.4;4780.0;-241.2;5.108748490999012e-05
12127;-3767.4;4762.8;-286.7;2.5951911118352395e-05
12129;-3767.4;4762.8;-241.2;5.055629391775585e-05
12139;-3756.3;4745.6;-286.7;3.765528336006249e-05
12141;-3756.3;4745.6;-241.2;4.205631323199913e-05
12151;-3745.3;4728.4;-286.7;4.880856289200905e-05
12153;-3745.3;4728.4;-241.2;2.5275691719253824e-05
12163;-3734.2;4711.2;-286.7;5.14998987884381e-05
12165;-3734.2;4711.2;-241.2;1.247426053542312e-05
12175;-3723.2;4694.0;-286.7;4.690362369620113e-05
12187;-3712.1;4676.7;-286.7;4.2770259484442775e-05
12188;-3712.1;4676.7;-263.9;2.743623840911859e-05
12199;-3701.1;4659.5;-286.7;2.2624770720744e-05
12200;-3701.1;4659.5;-263.9;3.057333036823613e-05
12211;-3690.0;4642.3;-286.7;1.0822031819273723e-05
12212;-3690.0;4642.3;-263.9;3.367587150011946e-05
12223;-3679.0;4625.1;-286.7;3.4466458120431647e-06
12224;-3679.0;4625.1;-263.9;4.440220916846396e-05
12236;-3667.9;4607.9;-263.9;5.1492710292626976e-05
12248;-3656.9;4590.7;-263.9;9.699274630676484e-05
12260;-3645.8;4573.5;-263.9;9.576581273090234e-05
12270;-3634.8;4556.3;-309.4;1.750923738143198e-05
12272;-3634.8;4556.3;-263.9;8.754230294149624e-05
12282;-3623.7;4539.1;-309.4;2.0895483792369287e-05
12284;-3623.7;4539.1;-263.9;6.217340380001974e-05
12294;-3612.6;4521.8;-309.4;2.7732073814859635e-05
12296;-3612.6;4521.8;-263.9;5.780197603263655e-05
12306;-3601.6;4504.6;-309.4;4.0870303652618885e-05
12308;-3601.6;4504.6;-263.9;4.415968789308395e-05
12318;-3590.5;4487.4;-309.4;5.9599938089397025e-05
12320;-3590.5;4487.4;-263.9;3.022805598610144e-05
12330;-3579.5;4470.2;-309.4;6.802650013279605e-05
12332;-3579.5;4470.2;-263.9;1.638613479734515e-05
12333;-3579.5;4470.2;-241.2;3.015575859683208e-06
12342;-3568.4;4453.0;-309.4;6.403650602792782e-05
12344;-3568.4;4453.0;-263.9;6.342671977105338e-06
12354;-3557.4;4435.8;-309.4;3.783254443185462e-05
12355;-3557.4;4435.8;-286.7;1.2712869403091892e-05
12367;-3546.3;4418.6;-286.7;2.5152130535719494e-05
12378;-3535.3;4401.4;-309.4;1.2300571293613777e-05
12379;-3535.3;4401.4;-286.7;2.7778876106883896e-05
12390;-3524.2;4384.1;-309.4;5.950600115558281e-06
12391;-3524.2;4384.1;-286.7;3.986240213396925e-05
12403;-3513.2;4366.9;-286.7;4.5456702645851326e-05
12413;-3502.1;4349.7;-332.1;2.8429999379672708e-06
12415;-3502.1;4349.7;-286.7;7.157555838680732e-05
12425;-3491.1;4332.5;-332.1;2.8892283199854366e-06
12427;-3491.1;4332.5;-286.7;6.22087863569687e-05
12437;-3480.0;4315.3;-332.1;5.750257573730147e-06
12439;-3480.0;4315.3;-286.7;6.140227272096928e-05
12449;-3469.0;4298.1;-332.1;1.1348433643678544e-05
12451;-3469.0;4298.1;-286.7;6.058540734402081e-05
12461;-3457.9;4280.9;-332.1;2.264250760775935e-05
12463;-3457.9;4280.9;-286.7;3.9851069747521596e-05
12473;-3446.9;4263.7;-332.1;4.213914457201985e-05
12475;-3446.9;4263.7;-286.7;3.652359279644072e-05
12485;-3435.8;4246.5;-332.1;4.9888363448319544e-05
12487;-3435.8;4246.5;-286.7;2.4769512916923127e-05
12497;-3424.8;4229.2;-332.1;4.9219745718184324e-05
12499;-3424.8;4229.2;-286.7;1.3367190718016706e-05
12509;-3413.7;4212.0;-332.1;3.531285833669899e-05
12521;-3402.7;4194.8;-332.1;1.8875556413242756e-05
12524;-3402.7;4194.8;-263.9;2.685450387452062e-06
12533;-3391.6;4177.6;-332.1;1.0697151048643992e-05
12534;-3391.6;4177.6;-309.4;1.585256124094224e-05
12536;-3391.6;4177.6;-263.9;2.6602312266996254e-06
12545;-3380.6;4160.4;-332.1;7.940733235732116e-06
12548;-3380.6;4160.4;-263.9;2.664607801737941e-06
12557;-3369.5;4143.2;-332.1;2.6008610286090663e-06
12558;-3369.5;4143.2;-309.4;2.327419045969987e-05
12560;-3369.5;4143.2;-263.9;2.6340512874486982e-06
12570;-3358.5;4126.0;-309.4;3.0399099519759673e-05
12572;-3358.5;4126.0;-263.9;2.5940682110755484e-06
12582;-3347.4;4108.8;-309.4;2.996558022774589e-05
12594;-3336.4;4091.5;-309.4;3.7379861816435255e-05
12604;-3325.3;4074.3;-354.8;2.3563164149515223e-06
12606;-3325.3;4074.3;-309.4;3.686778726746548e-05
12616;-3314.3;4057.1;-354.8;1.193882276532459e-05
12618;-3314.3;4057.1;-309.4;3.635692243507365e-05
12628;-3303.2;4039.9;-354.8;2.6047315336564027e-05
12630;-3303.2;4039.9;-309.4;3.585413602879327e-05
12640;-3292.1;4022.7;-354.8;3.062782613473063e-05
12642;-3292.1;4022.7;-309.4;2.3565514860576152e-05
12652;-3281.1;4005.5;-354.8;3.258084242099186e-05
12654;-3281.1;4005.5;-309.4;2.083504557203199e-05
12664;-3270.0;3988.3;-354.8;2.9877296839433024e-05
12666;-3270.0;3988.3;-309.4;1.1245963104149485e-05
12676;-3259.0;3971.1;-354.8;1.3796139698686116e-05
12678;-3259.0;3971.1;-309.4;2.2141813857083466e-06
12688;-3247.9;3953.8;-354.8;1.1323679018265182e-05
12700;-3236.9;3936.6;-354.8;8.892249945473907e-06
12701;-3236.9;3936.6;-332.1;8.900856696785606e-06
12712;-3225.8;3919.4;-354.8;4.483869064838289e-06
12713;-3225.8;3919.4;-332.1;8.777248550077261e-06
12725;-3214.8;3902.2;-332.1;1.3086035848560736e-05
12727;-3214.8;3902.2;-286.7;2.2330184268437666e-06
12737;-3203.7;3885.0;-332.1;1.706380873518554e-05
12739;-3203.7;3885.0;-286.7;2.2062284087662966e-06
12749;-3192.7;3867.8;-332.1;1.6820415048806384e-05
12759;-3181.6;3850.6;-377.6;1.9681363462962915e-06
12761;-3181.6;3850.6;-332.1;2.4873143475370043e-05
12771;-3170.6;3833.4;-377.6;6.22194789349e-06
12773;-3170.6;3833.4;-332.1;1.8701210262735695e-05
12783;-3159.5;3816.2;-377.6;1.0180783617419536e-05
12785;-3159.5;3816.2;-332.1;1.8443521803931484e-05
12795;-3148.5;3798.9;-377.6;1.6092260400249582e-05
12797;-3148.5;3798.9;-332.1;1.818884251731028e-05
12807;-3137.4;3781.7;-377.6;1.7910776571125706e-05
12809;-3137.4;3781.7;-332.1;1.7939599553077086e-05
12819;-3126.4;3764.5;-377.6;1.766415335954172e-05
12821;-3126.4;3764.5;-332.1;1.1792080596793533e-05
12831;-3115.3;3747.3;-377.6;9.73951326590968e-06
12833;-3115.3;3747.3;-332.1;7.688045592385178e-06
12843;-3104.3;3730.1;-377.6;7.690887294063634e-06
12845;-3104.3;3730.1;-332.1;5.734195882650161e-06
12855;-3093.2;3712.9;-377.6;5.644986847564678e-06
12857;-3093.2;3712.9;-332.1;1.8160637854332784e-06
12873;-3805.4;4860.0;-241.2;3.494596751297677e-05
12885;-3794.3;4842.7;-241.2;3.9324044102547127e-05
12897;-3783.3;4825.5;-241.2;2.607214211817915e-05
12907;-3772.2;4808.3;-286.7;4.318367777844882e-06
12909;-3772.2;4808.3;-241.2;3.386368921639909e-05
12919;-3761.2;4791.1;-286.7;1.721588909570333e-05
12921;-3761.2;4791.1;-241.2;3.364939874938125e-05
12931;-3750.1;4773.9;-286.7;2.9379649651931566e-05
12933;-3750.1;4773.9;-241.2;3.342294539395802e-05
12943;-3739.1;4756.7;-286.7;2.878991597841009e-05
12945;-3739.1;4756.7;-241.2;2.9206828140831943e-05
12955;-3728.0;4739.5;-286.7;3.605392811740785e-05
12957;-3728.0;4739.5;-241.2;2.0686625684203136e-05
12967;-3717.0;4722.3;-286.7;3.166133648914287e-05
12969;-3717.0;4722.3;-241.2;8.331017494272826e-06
12979;-3705.9;4705.0;-286.7;2.7413164720322085e-05
12991;-3694.9;4687.8;-286.7;3.426634390149932e-05
12992;-3694.9;4687.8;-263.9;1.964845035144834e-05
13003;-3683.8;4670.6;-286.7;1.1227567664607797e-05
13004;-3683.8;4670.6;-263.9;2.2983286465727424e-05
13016;-3672.7;4653.4;-263.9;2.2767063339074712e-05
13028;-3661.7;4636.2;-263.9;3.347025780585362e-05
13040;-3650.6;4619.0;-263.9;4.3608238449091994e-05
13052;-3639.6;4601.8;-263.9;7.61092941046414e-05
13062;-3628.5;4584.6;-309.4;1.1051615513902152e-05
13064;-3628.5;4584.6;-263.9;7.529661961433222e-05
13074;-3617.5;4567.3;-309.4;1.8149421034615655e-05
13076;-3617.5;4567.3;-263.9;6.353688879939186e-05
13086;-3606.4;4550.1;-309.4;2.497496984251135e-05
13088;-3606.4;4550.1;-263.9;5.5328309586022436e-05
13098;-3595.4;4532.9;-309.4;3.151821112294494e-05
13100;-3595.4;4532.9;-263.9;5.471361682299187e-05
13110;-3584.3;4515.7;-309.4;4.421712975326938e-05
13112;-3584.3;4515.7;-263.9;4.773373880877311e-05
13122;-3573.3;4498.5;-309.4;5.6222440062515594e-05
13124;-3573.3;4498.5;-263.9;3.4058967731384554e-05
13134;-3562.2;4481.3;-309.4;4.895422926244614e-05
13136;-3562.2;4481.3;-263.9;2.343723030375966e-05
13146;-3551.2;4464.1;-309.4;5.40087856790378e-05
13148;-3551.2;4464.1;-263.9;9.849525678242658e-06
13158;-3540.1;4446.9;-309.4;3.1488646537753396e-05
13159;-3540.1;4446.9;-286.7;2.570302291093581e-05
13160;-3540.1;4446.9;-263.9;6.378313890461258e-06
13161;-3540.1;4446.9;-241.2;2.917255079129408e-06
13170;-3529.1;4429.7;-309.4;1.2263558126145672e-05
13171;-3529.1;4429.7;-286.7;2.8262558912034697e-05
13182;-3518.0;4412.4;-309.4;8.999957145647054e-06
13183;-3518.0;4412.4;-286.7;2.790521573249684e-05
13195;-3507.0;4395.2;-286.7;3.669266219183089e-05
13205;-3495.9;4378.0;-332.1;2.98045433996241e-06
13207;-3495.9;4378.0;-286.7;5.105320630127293e-05
13217;-3484.9;4360.8;-332.1;5.927549153918153e-06
13219;-3484.9;4360.8;-286.7;8.012647861974347e-05
13229;-3473.8;4343.6;-332.1;1.1689800849728058e-05
13231;-3473.8;4343.6;-286.7;7.918316879296991e-05
13241;-3462.8;4326.4;-332.1;1.736780779708997e-05
13243;-3462.8;4326.4;-286.7;7.821261480039206e-05
13253;-3451.7;4309.2;-332.1;2.2931356277936557e-05
13255;-3451.7;4309.2;-286.7;7.16277444750965e-05
13265;-3440.7;4292.0;-332.1;2.8733573263676984e-05
13267;-3440.7;4292.0;-286.7;4.544503002367659e-05
13277;-3429.6;4274.7;-332.1;5.337879790409174e-05
13279;-3429.6;4274.7;-286.7;4.2247133923121505e-05
13289;-3418.6;4257.5;-332.1;5.256569138575101e-05
13291;-3418.6;4257.5;-286.7;3.069508344449594e-05
13301;-3407.5;4240.3;-332.1;4.916992386929128e-05
13303;-3407.5;4240.3;-286.7;1.91571386276362e-05
13313;-3396.5;4223.1;-332.1;3.7892751146794276e-05
13315;-3396.5;4223.1;-286.7;8.017609776171327e-06
13325;-3385.4;4205.9;-332.1;1.6024962275964777e-05
13326;-3385.4;4205.9;-309.4;1.0605153213743355e-05
13327;-3385.4;4205.9;-286.7;5.174606837322708e-06
13337;-3374.4;4188.7;-332.1;1.0605606411087841e-05
13338;-3374.4;4188.7;-309.4;1.8557036256015e-05
13340;-3374.4;4188.7;-263.9;2.5741076808097618e-06
13349;-3363.3;4171.5;-332.1;7.828923551578679e-06
13350;-3363.3;4171.5;-309.4;1.8326630205163757e-05
13352;-3363.3;4171.5;-263.9;2.6269769312711753e-06
13361;-3352.3;4154.3;-332.1;2.5295435769726494e-06
13362;-3352.3;4154.3;-309.4;2.8509252543811812e-05
13374;-3341.2;4137.1;-309.4;3.328718976089005e-05
13376;-3341.2;4137.1;-263.9;2.612159319217192e-06
13386;-3330.1;4119.8;-309.4;4.5286263633929364e-05
13396;-3319.1;4102.6;-354.8;4.793342696578891e-06
13398;-3319.1;4102.6;-309.4;5.221289461665101e-05
13408;-3308.0;4085.4;-354.8;1.4389123654735444e-05
13410;-3308.0;4085.4;-309.4;5.152180403563846e-05
13420;-3297.0;4068.2;-354.8;1.943156925545019e-05
13422;-3297.0;4068.2;-309.4;4.401983031192757e-05
13432;-3285.9;4051.0;-354.8;3.620146795072124e-05
13434;-3285.9;4051.0;-309.4;4.346054298900857e-05
13444;-3274.9;4033.8;-354.8;3.579540601983833e-05
13446;-3274.9;4033.8;-309.4;2.860237472186049e-05
13456;-3263.8;4016.6;-354.8;3.77002370252797e-05
13458;-3263.8;4016.6;-309.4;2.3456945998111392e-05
13468;-3252.8;3999.4;-354.8;3.253965537102405e-05
13470;-3252.8;3999.4;-309.4;1.606842419901149e-05
13480;-3241.7;3982.1;-354.8;1.6221108583393293e-05
13482;-3241.7;3982.1;-309.4;6.724460641337817e-06
13492;-3230.7;3964.9;-354.8;1.1407926674084209e-05
13504;-3219.6;3947.7;-354.8;6.849372826009659e-06
13505;-3219.6;3947.7;-332.1;1.1273628970704277e-05
13516;-3208.6;3930.5;-354.8;4.522608138675559e-06
13517;-3208.6;3930.5;-332.1;1.112828541576485e-05
13529;-3197.5;3913.3;-332.1;1.5462239404119554e-05
13531;-3197.5;3913.3;-286.7;2.2400018988723898e-06
13541;-3186.5;3896.1;-332.1;2.1675704421024348e-05
13543;-3186.5;3896.1;-286.7;2.2175407549163755e-06
13553;-3175.4;3878.9;-332.1;2.1391096191408065e-05
13563;-3164.4;3861.7;-377.6;4.078077779465751e-06
13565;-3164.4;3861.7;-332.1;3.166135768698537e-05
13575;-3153.3;3844.4;-377.6;1.2360955525449231e-05
13577;-3153.3;3844.4;-332.1;3.123164324329361e-05
13579;-3153.3;3844.4;-286.7;2.1088275662042703e-06
13587;-3142.3;3827.2;-377.6;2.445027547149542e-05
13589;-3142.3;3827.2;-332.1;3.080963967754656e-05
13599;-3131.2;3810.0;-377.6;2.253352441239906e-05
13601;-3131.2;3810.0;-332.1;2.467511022883496e-05
13611;-3120.2;3792.8;-377.6;2.4311389691379966e-05
13613;-3120.2;3792.8;-332.1;2.435372820387837e-05
13623;-3109.1;3775.6;-377.6;2.2071182221113435e-05
13625;-3109.1;3775.6;-332.1;1.602354856896385e-05
13635;-3098.1;3758.4;-377.6;1.1928522011396379e-05
13637;-3098.1;3758.4;-332.1;1.177036217529927e-05
13647;-3087.0;3741.2;-377.6;9.795752900667203e-06
13649;-3087.0;3741.2;-332.1;5.791158512807886e-06
13659;-3076.0;3724.0;-377.6;7.68624899625104e-06
13677;-3788.1;4871.0;-241.2;1.269165866288064e-05
13689;-3777.1;4853.8;-241.2;1.268822005352886e-05
13713;-3755.0;4819.4;-241.2;1.645508618191241e-05
13723;-3743.9;4802.2;-286.7;1.2370775120005007e-05
13725;-3743.9;4802.2;-241.2;1.6413425920250024e-05
13735;-3732.8;4785.0;-286.7;1.2162438968909988e-05
13737;-3732.8;4785.0;-241.2;1.635675937810316e-05
13747;-3721.8;4767.8;-286.7;1.2111978533759524e-05
13759;-3710.7;4750.6;-286.7;1.964456851537226e-05
13761;-3710.7;4750.6;-241.2;1.6021682367807584e-05
13771;-3699.7;4733.3;-286.7;1.560800340089401e-05
13783;-3688.6;4716.1;-286.7;1.1748621993716001e-05
13795;-3677.6;4698.9;-286.7;1.5268096558557313e-05
13796;-3677.6;4698.9;-263.9;1.528313084357977e-05
13808;-3666.5;4681.7;-263.9;1.5190431828278297e-05
13820;-3655.5;4664.5;-263.9;1.5083933273077823e-05
13844;-3633.4;4630.1;-263.9;4.3940963652703305e-05
13856;-3622.3;4612.9;-263.9;5.431228700143541e-05
13866;-3611.3;4595.6;-309.4;1.1146498616198697e-05
13868;-3611.3;4595.6;-263.9;5.385579432854782e-05
13878;-3600.2;4578.4;-309.4;1.823409832487843e-05
13880;-3600.2;4578.4;-263.9;3.893946012921589e-05
13890;-3589.2;4561.2;-309.4;2.473683125379359e-05
13892;-3589.2;4561.2;-263.9;4.1637696960766994e-05
13902;-3578.1;4544.0;-309.4;3.441967187653215e-05
13904;-3578.1;4544.0;-263.9;4.126201742751924e-05
13914;-3567.1;4526.8;-309.4;3.726207739703196e-05
13916;-3567.1;4526.8;-263.9;4.0868423345385266e-05
13926;-3556.0;4509.6;-309.4;3.660255615401428e-05
13928;-3556.0;4509.6;-263.9;3.062059626521137e-05
13938;-3545.0;4492.4;-309.4;3.872410454527645e-05
13940;-3545.0;4492.4;-263.9;1.7008331441936766e-05
13950;-3533.9;4475.2;-309.4;3.541922019945325e-05
13952;-3533.9;4475.2;-263.9;1.0098211780221885e-05
13962;-3522.9;4457.9;-309.4;1.9225660836142362e-05
13963;-3522.9;4457.9;-286.7;2.2532178462781927e-05
13974;-3511.8;4440.7;-309.4;6.060016632533827e-06
13975;-3511.8;4440.7;-286.7;2.2291455042055726e-05
13986;-3500.8;4423.5;-309.4;2.8149494246906856e-06
13987;-3500.8;4423.5;-286.7;2.4858678621243853e-05
13999;-3489.7;4406.3;-286.7;3.653205208715646e-05
14009;-3478.7;4389.1;-332.1;3.1115404862618517e-06
14011;-3478.7;4389.1;-286.7;4.2475218123301263e-05
14021;-3467.6;4371.9;-332.1;1.213626392323579e-05
14023;-3467.6;4371.9;-286.7;6.915542810576023e-05
14033;-3456.6;4354.7;-332.1;1.7990920660340488e-05
14035;-3456.6;4354.7;-286.7;7.13069785587529e-05
14045;-3445.5;4337.5;-332.1;2.0811418740630828e-05
14047;-3445.5;4337.5;-286.7;7.835294868501456e-05
14057;-3434.5;4320.3;-332.1;2.934933515515334e-05
14059;-3434.5;4320.3;-286.7;6.280097424197505e-05
14069;-3423.4;4303.0;-332.1;3.452598016498604e-05
14071;-3423.4;4303.0;-286.7;5.1037311989602236e-05
14081;-3412.4;4285.8;-332.1;5.3194554393091926e-05
14083;-3412.4;4285.8;-286.7;4.781318759998013e-05
14093;-3401.3;4268.6;-332.1;4.6906820265411897e-05
14095;-3401.3;4268.6;-286.7;3.355682348489984e-05
14105;-3390.2;4251.4;-332.1;5.1034097895501384e-05
14107;-3390.2;4251.4;-286.7;2.2193461503612638e-05
14117;-3379.2;4234.2;-332.1;3.47095141393004e-05
14119;-3379.2;4234.2;-286.7;1.3609307059308865e-05
14129;-3368.1;4217.0;-332.1;1.5528417182879318e-05
14130;-3368.1;4217.0;-309.4;2.1443042861096492e-05
14131;-3368.1;4217.0;-286.7;5.28471517430479e-06
14132;-3368.1;4217.0;-263.9;2.444642744482694e-06
14141;-3357.1;4199.8;-332.1;1.0277660979003539e-05
14142;-3357.1;4199.8;-309.4;2.360521534224845e-05
14143;-3357.1;4199.8;-286.7;2.5502563368131347e-06
14153;-3346.0;4182.6;-332.1;7.546043407176438e-06
14154;-3346.0;4182.6;-309.4;2.33322883957585e-05
14156;-3346.0;4182.6;-263.9;2.5321456145387845e-06
14166;-3335.0;4165.3;-309.4;3.074445425206435e-05
14176;-3323.9;4148.1;-354.8;2.491053556876416e-06
14178;-3323.9;4148.1;-309.4;3.824245200508265e-05
14180;-3323.9;4148.1;-263.9;2.5716852807664812e-06
14188;-3312.9;4130.9;-354.8;4.967197813582699e-06
14190;-3312.9;4130.9;-309.4;6.0416564520650704e-05
14200;-3301.8;4113.7;-354.8;9.816920824394391e-06
14202;-3301.8;4113.7;-309.4;5.971384356169877e-05
14212;-3290.8;4096.5;-354.8;1.963682063527988e-05
14214;-3290.8;4096.5;-309.4;5.9005232994396314e-05
14224;-3279.7;4079.3;-354.8;2.9055262889935538e-05
14226;-3279.7;4079.3;-309.4;5.828926646713239e-05
14236;-3268.7;4062.1;-354.8;4.113602467082237e-05
14238;-3268.7;4062.1;-309.4;4.595419936649754e-05
14248;-3257.6;4044.9;-354.8;4.292617314074724e-05
14250;-3257.6;4044.9;-309.4;3.3437929327732016e-05
14260;-3246.6;4027.7;-354.8;4.003684727248551e-05
14262;-3246.6;4027.7;-309.4;2.837788308774553e-05
14272;-3235.5;4010.4;-354.8;3.506437491252152e-05
14274;-3235.5;4010.4;-309.4;1.8603593341157732e-05
14284;-3224.5;3993.2;-354.8;1.388217239475191e-05
14286;-3224.5;3993.2;-309.4;1.1382199283198667e-05
14296;-3213.4;3976.0;-354.8;9.198967209723405e-06
14297;-3213.4;3976.0;-332.1;6.706770352784972e-06
14298;-3213.4;3976.0;-309.4;4.412204247953856e-06
14308;-3202.4;3958.8;-354.8;6.812270072711662e-06
14309;-3202.4;3958.8;-332.1;1.571758029497551e-05
14310;-3202.4;3958.8;-309.4;2.128182200192353e-06
14321;-3191.3;3941.6;-332.1;1.3430761333375517e-05
14323;-3191.3;3941.6;-286.7;2.2215446186367702e-06
14333;-3180.3;3924.4;-332.1;1.9962126380303537e-05
14345;-3169.2;3907.2;-332.1;2.6218116792582826e-05
14347;-3169.2;3907.2;-286.7;2.1863581229452823e-06
14357;-3158.2;3890.0;-332.1;2.5904641432179945e-05
14359;-3158.2;3890.0;-286.7;2.1999245596825647e-06
14367;-3147.1;3872.7;-377.6;8.311825742882874e-06
14369;-3147.1;3872.7;-332.1;3.8371711663382124e-05
14379;-3136.1;3855.5;-377.6;1.8825801199771245e-05
14381;-3136.1;3855.5;-332.1;3.790014077054557e-05
14391;-3125.0;3838.3;-377.6;3.115439116042487e-05
14393;-3125.0;3838.3;-332.1;3.7419206096851406e-05
14403;-3114.0;3821.1;-377.6;3.08513733604932e-05
14405;-3114.0;3821.1;-332.1;3.694462255743967e-05
14415;-3102.9;3803.9;-377.6;2.6694814167585674e-05
14417;-3102.9;3803.9;-332.1;3.076648279007825e-05
14427;-3091.9;3786.7;-377.6;2.638126262078035e-05
14429;-3091.9;3786.7;-332.1;2.0259080992405278e-05
14439;-3080.8;3769.5;-377.6;1.4055546101271822e-05
14441;-3080.8;3769.5;-332.1;1.5936416983531764e-05
14451;-3069.7;3752.3;-377.6;1.1875157714511224e-05
14453;-3069.7;3752.3;-332.1;7.86768448353287e-06
14463;-3058.7;3735.0;-377.6;7.882760748867659e-06
14553;-3704.5;4778.8;-241.2;7.706245839750338e-06
14587;-3671.4;4727.2;-286.7;3.827943375269814e-06
14599;-3660.3;4710.0;-286.7;7.463865870660195e-06
14600;-3660.3;4710.0;-263.9;7.469748152896351e-06
14612;-3649.3;4692.8;-263.9;7.445424330706271e-06
14624;-3638.2;4675.6;-263.9;7.418416913879179e-06
14648;-3616.1;4641.2;-263.9;2.8651448102744262e-05
14660;-3605.1;4623.9;-263.9;3.2218358522587725e-05
14670;-3594.0;4606.7;-309.4;1.0891178957987151e-05
14672;-3594.0;4606.7;-263.9;3.203349310865669e-05
14682;-3583.0;4589.5;-309.4;2.101829153938226e-05
14684;-3583.0;4589.5;-263.9;2.7757252826118716e-05
14694;-3571.9;4572.3;-309.4;2.0676177146985947e-05
14696;-3571.9;4572.3;-263.9;2.759024706761736e-05
14706;-3560.9;4555.1;-309.4;2.378715666350621e-05
14708;-3560.9;4555.1;-263.9;2.7403827080222183e-05
14718;-3549.8;4537.9;-309.4;2.0168304883728497e-05
14720;-3549.8;4537.9;-263.9;2.72018358177217e-05
14730;-3538.8;4520.7;-309.4;2.6180427163179665e-05
14732;-3538.8;4520.7;-263.9;2.6839572903122605e-05
14742;-3527.7;4503.5;-309.4;2.269962885871484e-05
14744;-3527.7;4503.5;-263.9;1.681784497722201e-05
14754;-3516.7;4486.2;-309.4;2.2535019848679432e-05
14756;-3516.7;4486.2;-263.9;1.0058965863635885e-05
14766;-3505.6;4469.0;-309.4;9.717054578198455e-06
14767;-3505.6;4469.0;-286.7;1.6169370535281854e-05
14791;-3483.5;4434.6;-286.7;1.8762722458299237e-05
14803;-3472.5;4417.4;-286.7;2.4492832241514956e-05
14815;-3461.4;4400.2;-286.7;3.0510997038324458e-05
14827;-3450.3;4383.0;-286.7;5.9779960920480906e-05
14837;-3439.3;4365.8;-332.1;1.8346611044745168e-05
14839;-3439.3;4365.8;-286.7;6.23116681574028e-05
14849;-3428.2;4348.5;-332.1;2.104925410812552e-05
14851;-3428.2;4348.5;-286.7;6.170536979779499e-05
14861;-3417.2;4331.3;-332.1;3.216656461766178e-05
14863;-3417.2;4331.3;-286.7;4.34248526692185e-05
14873;-3406.1;4314.1;-332.1;3.1669869927673474e-05
14875;-3406.1;4314.1;-286.7;4.0295767393864335e-05
14885;-3395.1;4296.9;-332.1;4.712468394084518e-05
14887;-3395.1;4296.9;-286.7;4.496344338805222e-05
14897;-3384.0;4279.7;-332.1;4.1080113440911754e-05
14899;-3384.0;4279.7;-286.7;3.652355232226164e-05
14909;-3373.0;4262.5;-332.1;3.807789531628408e-05
14911;-3373.0;4262.5;-286.7;2.5242951142895158e-05
14921;-3361.9;4245.3;-332.1;2.4510046133026928e-05
14923;-3361.9;4245.3;-286.7;1.9359030975130117e-05
14934;-3350.9;4228.1;-309.4;2.1513307540913175e-05
14935;-3350.9;4228.1;-286.7;8.150099027190587e-06
14945;-3339.8;4210.9;-332.1;7.491764215292786e-06
14946;-3339.8;4210.9;-309.4;2.3651245688401275e-05
14947;-3339.8;4210.9;-286.7;5.287575997650969e-06
14958;-3328.8;4193.6;-309.4;2.339294510652392e-05
14960;-3328.8;4193.6;-263.9;2.383768441340818e-06
14968;-3317.7;4176.4;-354.8;5.079909018591321e-06
14970;-3317.7;4176.4;-309.4;3.319098496433668e-05
14980;-3306.7;4159.2;-354.8;1.0037560860483387e-05
14982;-3306.7;4159.2;-309.4;3.8133421426478996e-05
14992;-3295.6;4142.0;-354.8;1.0134266112444561e-05
14994;-3295.6;4142.0;-309.4;5.8086071808494595e-05
15004;-3284.6;4124.8;-354.8;2.016954006122305e-05
15006;-3284.6;4124.8;-309.4;5.990773915921488e-05
15016;-3273.5;4107.6;-354.8;2.490106818304482e-05
15018;-3273.5;4107.6;-309.4;6.589762851210365e-05
15028;-3262.5;4090.4;-354.8;3.402915685276684e-05
15030;-3262.5;4090.4;-309.4;6.520392769954876e-05
15040;-3251.4;4073.2;-354.8;4.789435279794217e-05
15042;-3251.4;4073.2;-309.4;5.234990816384829e-05
15052;-3240.4;4055.9;-354.8;4.708679070108941e-05
15054;-3240.4;4055.9;-309.4;4.252386557505226e-05
15064;-3229.3;4038.7;-354.8;4.199479266556393e-05
15066;-3229.3;4038.7;-309.4;3.309545471566348e-05
15076;-3218.3;4021.5;-354.8;3.247594111358167e-05
15078;-3218.3;4021.5;-309.4;2.3420612564201392e-05
15088;-3207.2;4004.3;-354.8;1.361740484290194e-05
15090;-3207.2;4004.3;-309.4;1.3881539025137831e-05
15100;-3196.2;3987.1;-354.8;9.018983589911335e-06
15101;-3196.2;3987.1;-332.1;1.600778972157875e-05
15102;-3196.2;3987.1;-309.4;6.802271140267277e-06
15112;-3185.1;3969.9;-354.8;6.642806103626741e-06
15113;-3185.1;3969.9;-332.1;1.7961938734644603e-05
15114;-3185.1;3969.9;-309.4;4.40676057123728e-06
15125;-3174.1;3952.7;-332.1;1.775612146797214e-05
15127;-3174.1;3952.7;-286.7;2.138036864082853e-06
15135;-3163.0;3935.5;-377.6;4.246572711613822e-06
15137;-3163.0;3935.5;-332.1;2.4108415568159874e-05
15147;-3152.0;3918.3;-377.6;4.3177974453075555e-06
15149;-3152.0;3918.3;-332.1;2.8461128596120383e-05
15151;-3152.0;3918.3;-286.7;4.295938542431002e-06
15159;-3140.9;3901.0;-377.6;8.5421068915593e-06
15161;-3140.9;3901.0;-332.1;3.0258232927316202e-05
15171;-3129.9;3883.8;-377.6;1.2723267767179748e-05
15173;-3129.9;3883.8;-332.1;4.487727401978338e-05
15183;-3118.8;3866.6;-377.6;2.3173015344988016e-05
15185;-3118.8;3866.6;-332.1;4.436460007081294e-05
15195;-3107.7;3849.4;-377.6;3.555746781774095e-05
15197;-3107.7;3849.4;-332.1;4.385336088151583e-05
15207;-3096.7;3832.2;-377.6;3.718556727561295e-05
15209;-3096.7;3832.2;-332.1;4.333921250468923e-05
15219;-3085.6;3815.0;-377.6;3.468034652533131e-05
15221;-3085.6;3815.0;-332.1;3.6832072718880744e-05
15231;-3074.6;3797.8;-377.6;3.0504333555497992e-05
15233;-3074.6;3797.8;-332.1;2.4419101433830944e-05
15243;-3063.5;3780.6;-377.6;1.4137299069885066e-05
15245;-3063.5;3780.6;-332.1;1.8056585264111153e-05
15255;-3052.5;3763.3;-377.6;1.000104475377225e-05
15257;-3052.5;3763.3;-332.1;1.1862011827403495e-05
15267;-3041.4;3746.1;-377.6;7.948644694907472e-06
15268;-3041.4;3746.1;-354.8;5.815306831434346e-06
15269;-3041.4;3746.1;-332.1;5.820327926606559e-06
15440;-3609.9;4669.4;-263.9;3.519075227797025e-06
15452;-3598.9;4652.2;-263.9;7.029565767422916e-06
15464;-3587.8;4635.0;-263.9;1.0514078483916795e-05
15474;-3576.8;4617.8;-309.4;1.0312256314435744e-05
15476;-3576.8;4617.8;-263.9;2.0501226535515873e-05
15488;-3565.7;4600.6;-263.9;1.3628035220239359e-05
15498;-3554.7;4583.4;-309.4;1.0100243459241751e-05
15500;-3554.7;4583.4;-263.9;1.3584492430005969e-05
15510;-3543.6;4566.2;-309.4;1.0062219438607069e-05
15512;-3543.6;4566.2;-263.9;1.3527100924445438e-05
15522;-3532.6;4549.0;-309.4;1.3021766489588742e-05
15524;-3532.6;4549.0;-263.9;1.9774850863158706e-05
15536;-3521.5;4531.8;-263.9;1.9690790656375857e-05
15546;-3510.4;4514.5;-309.4;9.773290178131702e-06
15548;-3510.4;4514.5;-263.9;1.316696991789922e-05
15558;-3499.4;4497.3;-309.4;9.717775871046255e-06
15560;-3499.4;4497.3;-263.9;6.599973105541539e-06
15571;-3488.3;4480.1;-286.7;1.2647298334378905e-05
15583;-3477.3;4462.9;-286.7;1.2569738567258881e-05
15595;-3466.2;4445.7;-286.7;1.2485473733537833e-05
15607;-3455.2;4428.5;-286.7;1.2398883583917884e-05
15619;-3444.1;4411.3;-286.7;2.392354793385006e-05
15629;-3433.1;4394.1;-332.1;1.238049989400617e-05
15631;-3433.1;4394.1;-286.7;4.188222837344364e-05
15641;-3422.0;4376.8;-332.1;1.8224742810601938e-05
15643;-3422.0;4376.8;-286.7;4.4676336336359714e-05
15653;-3411.0;4359.6;-332.1;2.3645107562402376e-05
15655;-3411.0;4359.6;-286.7;4.4312703284836765e-05
15665;-3399.9;4342.4;-332.1;2.885689411031714e-05
15667;-3399.9;4342.4;-286.7;3.458490266160625e-05
15677;-3388.9;4325.2;-332.1;2.830030010787697e-05
15679;-3388.9;4325.2;-286.7;3.430523510407034e-05
15689;-3377.8;4308.0;-332.1;3.07132468072204e-05
15691;-3377.8;4308.0;-286.7;3.401800124316681e-05
15701;-3366.8;4290.8;-332.1;2.4984910241601518e-05
15703;-3366.8;4290.8;-286.7;3.1083778263653854e-05
15713;-3355.7;4273.6;-332.1;2.4787371941115702e-05
15715;-3355.7;4273.6;-286.7;2.5265865492363897e-05
15725;-3344.7;4256.4;-332.1;1.898383915099647e-05
15727;-3344.7;4256.4;-286.7;1.4035004591333482e-05
15737;-3333.6;4239.1;-332.1;5.063437255500862e-06
15738;-3333.6;4239.1;-309.4;1.882827712635218e-05
15739;-3333.6;4239.1;-286.7;8.339531283318824e-06
15749;-3322.6;4221.9;-332.1;2.464883455020604e-06
15750;-3322.6;4221.9;-309.4;1.8649258847791905e-05
15751;-3322.6;4221.9;-286.7;5.4722785991742475e-06
15762;-3311.5;4204.7;-309.4;1.8467757568660315e-05
15772;-3300.5;4187.5;-354.8;7.910770327083435e-06
15774;-3300.5;4187.5;-309.4;2.3281688463887763e-05
15784;-3289.4;4170.3;-354.8;1.30575024859147e-05
15786;-3289.4;4170.3;-309.4;3.295676173475412e-05
15796;-3278.4;4153.1;-354.8;1.5543527436291755e-05
15798;-3278.4;4153.1;-309.4;5.80901679046939e-05
15808;-3267.3;4135.9;-354.8;2.2953326992407545e-05
15810;-3267.3;4135.9;-309.4;5.751475417022047e-05
15820;-3256.3;4118.7;-354.8;2.7586967053494625e-05
15822;-3256.3;4118.7;-309.4;5.938009127778716e-05
15832;-3245.2;4101.5;-354.8;3.18216371661601e-05
15834;-3245.2;4101.5;-309.4;5.8743571313008664e-05
15844;-3234.2;4084.2;-354.8;4.528551610996636e-05
15846;-3234.2;4084.2;-309.4;4.752875554220189e-05
15856;-3223.1;4067.0;-354.8;4.2179485738973014e-05
15858;-3223.1;4067.0;-309.4;4.262683592486361e-05
15868;-3212.1;4049.8;-354.8;3.947509416905303e-05
15870;-3212.1;4049.8;-309.4;3.774725489161603e-05
15880;-3201.0;4032.6;-354.8;2.7835125752871028e-05
15882;-3201.0;4032.6;-309.4;2.5971167372960888e-05
15892;-3190.0;4015.4;-354.8;9.040849828336239e-06
15894;-3190.0;4015.4;-309.4;1.6346742527952646e-05
15904;-3178.9;3998.2;-354.8;6.647541198183085e-06
15905;-3178.9;3998.2;-332.1;1.821865811386561e-05
15906;-3178.9;3998.2;-309.4;1.1476352846131377e-05
15916;-3167.8;3981.0;-354.8;6.352672043055021e-06
15917;-3167.8;3981.0;-332.1;2.004540233799376e-05
15918;-3167.8;3981.0;-309.4;6.778319393816742e-06
15927;-3156.8;3963.8;-377.6;4.3802678726811624e-06
15928;-3156.8;3963.8;-354.8;2.0137952809146905e-06
15929;-3156.8;3963.8;-332.1;1.9844923005948245e-05
15930;-3156.8;3963.8;-309.4;2.1626342193196613e-06
15939;-3145.7;3946.5;-377.6;8.669272545494023e-06
15941;-3145.7;3946.5;-332.1;2.8179417236567896e-05
15943;-3145.7;3946.5;-286.7;2.0127693106589674e-06
15951;-3134.7;3929.3;-377.6;1.2919680265104985e-05
15953;-3134.7;3929.3;-332.1;3.240510211689823e-05
15963;-3123.6;3912.1;-377.6;1.3030245854785991e-05
15965;-3123.6;3912.1;-332.1;4.310499906261225e-05
15967;-3123.6;3912.1;-286.7;2.089700804022499e-06
15975;-3112.6;3894.9;-377.6;1.7202366762590054e-05
15977;-3112.6;3894.9;-332.1;5.1019853755279554e-05
15987;-3101.5;3877.7;-377.6;3.1627277988313454e-05
15989;-3101.5;3877.7;-332.1;5.050021516768339e-05
15999;-3090.5;3860.5;-377.6;3.963710213370529e-05
16001;-3090.5;3860.5;-332.1;4.997455534282757e-05
16011;-3079.4;3843.3;-377.6;3.9111271876193595e-05
16013;-3079.4;3843.3;-332.1;4.945045421065292e-05
16023;-3068.4;3826.1;-377.6;3.663399389248503e-05
16025;-3068.4;3826.1;-332.1;3.866247889523115e-05
16035;-3057.3;3808.9;-377.6;3.0287907912698517e-05
16037;-3057.3;3808.9;-332.1;3.225234992054033e-05
16047;-3046.3;3791.6;-377.6;1.1983868659664531e-05
16049;-3046.3;3791.6;-332.1;2.2152209399684537e-05
16059;-3035.2;3774.4;-377.6;9.965982056076632e-06
16061;-3035.2;3774.4;-332.1;1.5919302054082123e-05
16071;-3024.2;3757.2;-377.6;5.868959829487736e-06
16072;-3024.2;3757.2;-354.8;1.3752814727749082e-05
16073;-3024.2;3757.2;-332.1;7.88468187654847e-06
16314;-3526.3;4577.3;-309.4;3.2256918003570394e-06
16316;-3526.3;4577.3;-263.9;6.4603196182482844e-06
16328;-3515.3;4560.0;-263.9;6.450806063824903e-06
16350;-3493.2;4525.6;-309.4;6.261339782316734e-06
16352;-3493.2;4525.6;-263.9;9.487995903040684e-06
16375;-3471.1;4491.2;-286.7;6.2358259276067985e-06
16387;-3460.0;4474.0;-286.7;6.21191143201138e-06
16399;-3449.0;4456.8;-286.7;9.078011397572947e-06
16411;-3437.9;4439.6;-286.7;9.04531249886948e-06
16421;-3426.9;4422.4;-332.1;6.104915408484145e-06
16423;-3426.9;4422.4;-286.7;2.0893044838633445e-05
16433;-3415.8;4405.1;-332.1;1.2017191184914268e-05
16435;-3415.8;4405.1;-286.7;2.378306459172158e-05
16445;-3404.8;4387.9;-332.1;1.4589981479037998e-05
16447;-3404.8;4387.9;-286.7;3.491846684444809e-05
16457;-3393.7;4370.7;-332.1;2.008773489743202e-05
16459;-3393.7;4370.7;-286.7;3.4737917941570536e-05
16469;-3382.7;4353.5;-332.1;1.9984743653897122e-05
16471;-3382.7;4353.5;-286.7;2.3021675111749682e-05
16481;-3371.6;4336.3;-332.1;1.6954141052410973e-05
16483;-3371.6;4336.3;-286.7;2.2874773480364113e-05
16493;-3360.6;4319.1;-332.1;1.685259190565496e-05
16495;-3360.6;4319.1;-286.7;2.2714670462680552e-05
16505;-3349.5;4301.9;-332.1;1.9093991925216025e-05
16507;-3349.5;4301.9;-286.7;2.7696601016922435e-05
16517;-3338.5;4284.7;-332.1;1.6292023002201268e-05
16519;-3338.5;4284.7;-286.7;2.225166262260542e-05
16529;-3327.4;4267.4;-332.1;1.095829419080402e-05
16531;-3327.4;4267.4;-286.7;1.3932906248996236e-05
16542;-3316.4;4250.2;-309.4;1.353460414034767e-05
16543;-3316.4;4250.2;-286.7;8.333076060821029e-06
16554;-3305.3;4233.0;-309.4;1.342514862646696e-05
16555;-3305.3;4233.0;-286.7;5.530085262268806e-06
16566;-3294.3;4215.8;-309.4;1.5728061114864115e-05
16576;-3283.2;4198.6;-354.8;1.0729206333884847e-05
16578;-3283.2;4198.6;-309.4;1.8014681335706123e-05
16588;-3272.2;4181.4;-354.8;1.5843262573871917e-05
16590;-3272.2;4181.4;-309.4;2.297584531399344e-05
16600;-3261.1;4164.2;-354.8;1.814616969083127e-05
16602;-3261.1;4164.2;-309.4;4.337548619603275e-05
16612;-3250.1;4147.0;-354.8;2.2885404037093728e-05
16614;-3250.1;4147.0;-309.4;4.557690433434432e-05
16624;-3239.0;4129.7;-354.8;2.7384854260288126e-05
16626;-3239.0;4129.7;-309.4;5.194964704937347e-05
16636;-3227.9;4112.5;-354.8;3.148664034670482e-05
16638;-3227.9;4112.5;-309.4;5.148505924434669e-05
16648;-3216.9;4095.3;-354.8;3.3584455857163624e-05
16650;-3216.9;4095.3;-309.4;3.40071461620867e-05
16660;-3205.8;4078.1;-354.8;2.850290247127739e-05
16662;-3205.8;4078.1;-309.4;3.367668125384833e-05
16672;-3194.8;4060.9;-354.8;2.602892708220703e-05
16674;-3194.8;4060.9;-309.4;3.335121595912814e-05
16684;-3183.7;4043.7;-354.8;2.3278373181273487e-05
16686;-3183.7;4043.7;-309.4;3.0588748240825784e-05
16696;-3172.7;4026.5;-354.8;6.631651282014342e-06
16698;-3172.7;4026.5;-309.4;2.1174134599166222e-05
16708;-3161.6;4009.3;-354.8;4.318001677844397e-06
16709;-3161.6;4009.3;-332.1;1.825254185531109e-05
16710;-3161.6;4009.3;-309.4;1.3932039449457252e-05
16719;-3150.6;3992.1;-377.6;4.513844533990588e-06
16720;-3150.6;3992.1;-354.8;2.102362243925546e-06
16721;-3150.6;3992.1;-332.1;1.8066709319175105e-05
16722;-3150.6;3992.1;-309.4;6.855855586555201e-06
16731;-3139.5;3974.8;-377.6;8.920867841840269e-06
16733;-3139.5;3974.8;-332.1;1.7881466414504695e-05
16743;-3128.5;3957.6;-377.6;1.327498848650484e-05
16745;-3128.5;3957.6;-332.1;2.592242803910866e-05
16755;-3117.4;3940.4;-377.6;1.543526564671812e-05
16757;-3117.4;3940.4;-332.1;3.0168164869827246e-05
16759;-3117.4;3940.4;-286.7;1.984808874583433e-06
16767;-3106.4;3923.2;-377.6;1.963596943888492e-05
16769;-3106.4;3923.2;-332.1;5.3610642546089866e-05
16779;-3095.3;3906.0;-377.6;2.1661458806849868e-05
16781;-3095.3;3906.0;-332.1;5.111045338976527e-05
16791;-3084.3;3888.8;-377.6;3.3713579559957304e-05
16793;-3084.3;3888.8;-332.1;5.0614210824231445e-05
16803;-3073.2;3871.6;-377.6;3.7571827921685795e-05
16805;-3073.2;3871.6;-332.1;5.01127781714936e-05
16815;-3062.2;3854.4;-377.6;4.050659595498895e-05
16817;-3062.2;3854.4;-332.1;5.514702501754333e-05
16827;-3051.1;3837.1;-377.6;3.811453442916369e-05
16829;-3051.1;3837.1;-332.1;4.019629495714903e-05
16839;-3040.1;3819.9;-377.6;2.9972015852313362e-05
16841;-3040.1;3819.9;-332.1;3.42163470300231e-05
16851;-3029.0;3802.7;-377.6;1.3568862083375145e-05
16853;-3029.0;3802.7;-332.1;2.9945812538285857e-05
16863;-3018.0;3785.5;-377.6;7.724863781602403e-06
16865;-3018.0;3785.5;-332.1;1.8046100101289362e-05
16875;-3006.9;3768.3;-377.6;5.6785239172937775e-06
16876;-3006.9;3768.3;-354.8;1.5621066343839414e-05
16877;-3006.9;3768.3;-332.1;1.1871805225833985e-05
17215;-3420.7;4450.6;-286.7;2.964770251184441e-06
17227;-3409.6;4433.4;-286.7;5.916800834448107e-06
17237;-3398.6;4416.2;-332.1;1.1511255209529422e-05
17239;-3398.6;4416.2;-286.7;1.4347474523093643e-05
17249;-3387.5;4399.0;-332.1;8.549559282862558e-06
17251;-3387.5;4399.0;-286.7;1.7245450860506246e-05
17261;-3376.5;4381.8;-332.1;8.52369310632057e-06
17263;-3376.5;4381.8;-286.7;1.7192183738937318e-05
17273;-3365.4;4364.6;-332.1;8.49322609945868e-06
17275;-3365.4;4364.6;-286.7;1.1415598388146925e-05
17285;-3354.4;4347.4;-332.1;1.0991295228749136e-05
17287;-3354.4;4347.4;-286.7;1.669167592284443e-05
17297;-3343.3;4330.2;-332.1;1.0951200090494741e-05
17299;-3343.3;4330.2;-286.7;1.662485790567119e-05
17309;-3332.3;4313.0;-332.1;8.256676172105568e-06
17311;-3332.3;4313.0;-286.7;1.6543786733530506e-05
17321;-3321.2;4295.7;-332.1;8.214225412645683e-06
17323;-3321.2;4295.7;-286.7;1.6463174044905483e-05
17333;-3310.2;4278.5;-332.1;5.5318398152986564e-06
17335;-3310.2;4278.5;-286.7;1.3506496221545404e-05
17346;-3299.1;4261.3;-309.4;1.0632390460521967e-05
17347;-3299.1;4261.3;-286.7;8.129806494728715e-06
17358;-3288.0;4244.1;-309.4;1.057165885086311e-05
17359;-3288.0;4244.1;-286.7;5.457233864906304e-06
17370;-3277.0;4226.9;-309.4;1.0504393451426299e-05
17380;-3265.9;4209.7;-354.8;1.062301204907454e-05
17382;-3265.9;4209.7;-309.4;1.0433701147711332e-05
17392;-3254.9;4192.5;-354.8;1.5635270493342187e-05
17394;-3254.9;4192.5;-309.4;2.014739150459958e-05
17404;-3243.8;4175.3;-354.8;1.7776810509654628e-05
17406;-3243.8;4175.3;-309.4;3.528330183280127e-05
17416;-3232.8;4158.0;-354.8;2.010126152409954e-05
17418;-3232.8;4158.0;-309.4;3.766344595899928e-05
17428;-3221.7;4140.8;-354.8;2.2298028968093785e-05
17430;-3221.7;4140.8;-309.4;3.7379536491089254e-05
17440;-3210.7;4123.6;-354.8;1.9599815454963347e-05
17442;-3210.7;4123.6;-309.4;3.4539664672350277e-05
17452;-3199.6;4106.4;-354.8;2.611620980438189e-05
17454;-3199.6;4106.4;-309.4;2.8972014991640057e-05
17464;-3188.6;4089.2;-354.8;2.1282815475191948e-05
17466;-3188.6;4089.2;-309.4;2.874709036172755e-05
17476;-3177.5;4072.0;-354.8;2.112838716453381e-05
17478;-3177.5;4072.0;-309.4;2.851591714105879e-05
17488;-3166.5;4054.8;-354.8;1.6408975295719717e-05
17490;-3166.5;4054.8;-309.4;2.377331987998238e-05
17502;-3155.4;4037.6;-309.4;2.1193784296331264e-05
17512;-3144.4;4020.3;-354.8;2.0846735371823926e-06
17513;-3144.4;4020.3;-332.1;1.59631014029481e-05
17523;-3133.3;4003.1;-377.6;4.647176982350492e-06
17525;-3133.3;4003.1;-332.1;1.5829360893391262e-05
17526;-3133.3;4003.1;-309.4;7.0038644177836545e-06
17537;-3122.3;3985.9;-332.1;1.569011645668647e-05
17538;-3122.3;3985.9;-309.4;4.596760984451673e-06
17547;-3111.2;3968.7;-377.6;1.3593003875190947e-05
17549;-3111.2;3968.7;-332.1;1.7618564869829527e-05
17559;-3100.2;3951.5;-377.6;1.5678367271789724e-05
17561;-3100.2;3951.5;-332.1;2.4080126316571806e-05
17571;-3089.1;3934.3;-377.6;1.9853725530427764e-05
17573;-3089.1;3934.3;-332.1;4.1365645438361084e-05
17583;-3078.1;3917.1;-377.6;2.5797795355636817e-05
17585;-3078.1;3917.1;-332.1;4.902075763244297e-05
17587;-3078.1;3917.1;-286.7;1.9532373301421583e-06
17595;-3067.0;3899.9;-377.6;3.360955913145399e-05
17597;-3067.0;3899.9;-332.1;5.0691304557309635e-05
17607;-3056.0;3882.7;-377.6;3.526889780562792e-05
17609;-3056.0;3882.7;-332.1;5.0208046947929774e-05
17619;-3044.9;3865.4;-377.6;3.0766738035547806e-05
17621;-3044.9;3865.4;-332.1;4.76776814033886e-05
17631;-3033.9;3848.2;-377.6;2.8507798718241137e-05
17633;-3033.9;3848.2;-332.1;3.281534585227267e-05
17643;-3022.8;3831.0;-377.6;2.425354033550112e-05
17645;-3022.8;3831.0;-332.1;3.248275497833067e-05
17655;-3011.8;3813.8;-377.6;9.675797686871394e-06
17657;-3011.8;3813.8;-332.1;3.0065117494622095e-05
17666;-3000.7;3796.6;-400.3;1.9703958797573713e-06
17667;-3000.7;3796.6;-377.6;5.679253148309881e-06
17669;-3000.7;3796.6;-332.1;2.5900940548986072e-05
17680;-2989.7;3779.4;-354.8;1.5648521057531554e-05
17681;-2989.7;3779.4;-332.1;1.3941390221219813e-05
18065;-3359.2;4392.9;-332.1;2.7420405926135865e-06
18091;-3337.1;4358.5;-286.7;5.484589807298476e-06
18101;-3326.0;4341.2;-332.1;2.7297931413329527e-06
18103;-3326.0;4341.2;-286.7;5.471381480989988e-06
18115;-3315.0;4324.0;-286.7;1.0660864122753576e-05
18125;-3303.9;4306.8;-332.1;5.307341016161419e-06
18127;-3303.9;4306.8;-286.7;1.063710491944441e-05
18137;-3292.9;4289.6;-332.1;2.7012907698652045e-06
18138;-3292.9;4289.6;-309.4;5.298363523679949e-06
18139;-3292.9;4289.6;-286.7;8.010691579508455e-06
18150;-3281.8;4272.4;-309.4;5.276825658528801e-06
18151;-3281.8;4272.4;-286.7;5.282115446965794e-06
18162;-3270.8;4255.2;-309.4;7.717578625472662e-06
18172;-3259.7;4238.0;-354.8;5.222320047753045e-06
18174;-3259.7;4238.0;-309.4;7.687807773635733e-06
18184;-3248.7;4220.8;-354.8;1.0279077153007857e-05
18186;-3248.7;4220.8;-309.4;7.655963071469106e-06
18196;-3237.6;4203.6;-354.8;1.2767921689028903e-05
18198;-3237.6;4203.6;-309.4;1.0066756053897384e-05
18208;-3226.6;4186.3;-354.8;1.2531718037411412e-05
18210;-3226.6;4186.3;-309.4;2.013463486584965e-05
18220;-3215.5;4169.1;-354.8;1.7097915458256424e-05
18222;-3215.5;4169.1;-309.4;2.956937423136732e-05
18232;-3204.5;4151.9;-354.8;1.7019892883491547e-05
18234;-3204.5;4151.9;-309.4;2.9419400787257163e-05
18244;-3193.4;4134.7;-354.8;1.4445896511929907e-05
18246;-3193.4;4134.7;-309.4;2.4223338161788714e-05
18256;-3182.4;4117.5;-354.8;1.437098989773736e-05
18258;-3182.4;4117.5;-309.4;1.9379541952061724e-05
18268;-3171.3;4100.3;-354.8;1.1904822875731316e-05
18270;-3171.3;4100.3;-309.4;1.9253944011006864e-05
18280;-3160.3;4083.1;-354.8;1.3903656924076816e-05
18282;-3160.3;4083.1;-309.4;2.3492368005212273e-05
18292;-3149.2;4065.9;-354.8;1.1648429045608771e-05
18294;-3149.2;4065.9;-309.4;2.1161497838580035e-05
18305;-3138.2;4048.6;-332.1;2.409185552074119e-06
18306;-3138.2;4048.6;-309.4;1.8738056928909902e-05
18317;-3127.1;4031.4;-332.1;1.1497429356237137e-05
18327;-3116.1;4014.2;-377.6;4.688593122461811e-06
18330;-3116.1;4014.2;-309.4;7.012375440738176e-06
18339;-3105.0;3997.0;-377.6;9.242989462336166e-06
18341;-3105.0;3997.0;-332.1;1.3371963112599948e-05
18342;-3105.0;3997.0;-309.4;4.650786295189305e-06
18351;-3094.0;3979.8;-377.6;1.3650766683242036e-05
18353;-3094.0;3979.8;-332.1;1.532329171224478e-05
18363;-3082.9;3962.6;-377.6;1.5626935698363974e-05
18365;-3082.9;3962.6;-332.1;1.955664278040889e-05
18375;-3071.9;3945.4;-377.6;1.9703664842952943e-05
18377;-3071.9;3945.4;-332.1;3.47182022503862e-05
18387;-3060.8;3928.2;-377.6;2.3671520486174415e-05
18389;-3060.8;3928.2;-332.1;3.6672875307170255e-05
18399;-3049.8;3910.9;-377.6;2.3304836261768078e-05
18401;-3049.8;3910.9;-332.1;3.855264654138556e-05
18411;-3038.7;3893.7;-377.6;2.686630950568532e-05
18413;-3038.7;3893.7;-332.1;4.397202570958624e-05
18423;-3027.7;3876.5;-377.6;2.4535036910761748e-05
18425;-3027.7;3876.5;-332.1;3.9343559903393925e-05
18435;-3016.6;3859.3;-377.6;2.2451959245910845e-05
18437;-3016.6;3859.3;-332.1;2.8821514482378375e-05
18447;-3005.5;3842.1;-377.6;2.0191199585429032e-05
18449;-3005.5;3842.1;-332.1;2.8570277179777302e-05
18461;-2994.5;3824.9;-332.1;2.6413678802696987e-05
18470;-2983.4;3807.7;-400.3;2.032681537897639e-06
18471;-2983.4;3807.7;-377.6;1.8890489291200582e-06
18473;-2983.4;3807.7;-332.1;2.2164678999395e-05
18482;-2972.4;3790.5;-400.3;7.951909387215002e-06
18484;-2972.4;3790.5;-354.8;1.567275678169012e-05
18485;-2972.4;3790.5;-332.1;1.8014112381681723e-05
18943;-3275.6;4300.7;-286.7;5.092232163010643e-06
18954;-3264.6;4283.5;-309.4;2.5442901145199718e-06
18978;-3242.5;4249.1;-309.4;2.534100148973058e-06
18988;-3231.4;4231.8;-354.8;7.455608864346349e-06
18990;-3231.4;4231.8;-309.4;4.93934348195549e-06
19000;-3220.4;4214.6;-354.8;9.841798594974864e-06
19002;-3220.4;4214.6;-309.4;9.85402179742435e-06
19012;-3209.3;4197.4;-354.8;7.309250883402877e-06
19014;-3209.3;4197.4;-309.4;1.2232496611462247e-05
19024;-3198.3;4180.2;-354.8;7.286995790911302e-06
19026;-3198.3;4180.2;-309.4;1.4698676755400533e-05
19036;-3187.2;4163.0;-354.8;7.261517759982386e-06
19038;-3187.2;4163.0;-309.4;1.4641345429858395e-05
19048;-3176.2;4145.8;-354.8;9.400674379424616e-06
19050;-3176.2;4145.8;-309.4;1.4275611763212486e-05
19060;-3165.1;4128.6;-354.8;9.367573576786436e-06
19062;-3165.1;4128.6;-309.4;1.4221025727412684e-05
19072;-3154.1;4111.4;-354.8;7.068508301816075e-06
19074;-3154.1;4111.4;-309.4;1.4159676493635555e-05
19084;-3143.0;4094.2;-354.8;7.0340154052352005e-06
19086;-3143.0;4094.2;-309.4;1.4091711710748798e-05
19096;-3132.0;4076.9;-354.8;6.997324864141387e-06
19098;-3132.0;4076.9;-309.4;1.4021884988468159e-05
19109;-3120.9;4059.7;-332.1;4.714470849414558e-06
19110;-3120.9;4059.7;-309.4;1.3836032437781822e-05
19121;-3109.9;4042.5;-332.1;9.062616490579476e-06
19122;-3109.9;4042.5;-309.4;1.1437970337708257e-05
19133;-3098.8;4025.3;-332.1;9.011766908588356e-06
19134;-3098.8;4025.3;-309.4;6.8809598272133e-06
19143;-3087.8;4008.1;-377.6;9.133695224054743e-06
19145;-3087.8;4008.1;-332.1;8.959431598253532e-06
19146;-3087.8;4008.1;-309.4;4.611804906485588e-06
19155;-3076.7;3990.9;-377.6;1.3447059752714036e-05
19157;-3076.7;3990.9;-332.1;8.902719306380393e-06
19167;-3065.6;3973.7;-377.6;1.528097726673223e-05
19169;-3065.6;3973.7;-332.1;1.5002548249675674e-05
19179;-3054.6;3956.5;-377.6;1.7291672088016226e-05
19181;-3054.6;3956.5;-332.1;2.790130139426545e-05
19191;-3043.5;3939.2;-377.6;1.697883876623761e-05
19193;-3043.5;3939.2;-332.1;2.994690278404619e-05
19203;-3032.5;3922.0;-377.6;1.6873242588060973e-05
19205;-3032.5;3922.0;-332.1;3.195438307400437e-05
19215;-3021.4;3904.8;-377.6;1.676525204659498e-05
19217;-3021.4;3904.8;-332.1;3.172673268514294e-05
19227;-3010.4;3887.6;-377.6;1.8324207785842226e-05
19229;-3010.4;3887.6;-332.1;3.075162241488651e-05
19239;-2999.3;3870.4;-377.6;1.6159426625855705e-05
19241;-2999.3;3870.4;-332.1;2.461527880972301e-05
19251;-2988.3;3853.2;-377.6;1.605760252013666e-05
19253;-2988.3;3853.2;-332.1;2.44356214980045e-05
19263;-2977.2;3836.0;-377.6;1.8827439975758283e-06
19265;-2977.2;3836.0;-332.1;2.4250774805186224e-05
19276;-2966.2;3818.8;-354.8;4.112999250732863e-06
19277;-2966.2;3818.8;-332.1;2.0218449238371816e-05
19286;-2955.1;3801.5;-400.3;8.104959259167849e-06
19288;-2955.1;3801.5;-354.8;1.1921916203771437e-05
19289;-2955.1;3801.5;-332.1;1.803479944754981e-05
19816;-3192.1;4208.5;-354.8;2.362894557421207e-06
19828;-3181.0;4191.3;-354.8;2.359987340871489e-06
19830;-3181.0;4191.3;-309.4;7.094583133348928e-06
19840;-3170.0;4174.1;-354.8;2.3582100143282264e-06
19842;-3170.0;4174.1;-309.4;7.0824852157394934e-06
19854;-3158.9;4156.9;-309.4;4.715623085697244e-06
19864;-3147.9;4139.7;-354.8;2.3487553950544273e-06
19866;-3147.9;4139.7;-309.4;4.703055864116346e-06
19876;-3136.8;4122.4;-354.8;4.57681970364835e-06
19878;-3136.8;4122.4;-309.4;9.168175777157606e-06
19890;-3125.7;4105.2;-309.4;9.146116843860229e-06
19900;-3114.7;4088.0;-354.8;4.552676148324579e-06
19902;-3114.7;4088.0;-309.4;9.115879573889878e-06
19913;-3103.6;4070.8;-332.1;4.538670051568671e-06
19914;-3103.6;4070.8;-309.4;9.085874108427349e-06
19925;-3092.6;4053.6;-332.1;6.6367916339411e-06
19935;-3081.5;4036.4;-377.6;6.779059984454999e-06
19937;-3081.5;4036.4;-332.1;6.6146352477875626e-06
19938;-3081.5;4036.4;-309.4;6.620694013106735e-06
19947;-3070.5;4019.2;-377.6;8.850702694704121e-06
19949;-3070.5;4019.2;-332.1;6.589134872116238e-06
19950;-3070.5;4019.2;-309.4;4.483240856865547e-06
19959;-3059.4;4002.0;-377.6;8.741652884326383e-06
19961;-3059.4;4002.0;-332.1;6.560221207917198e-06
19971;-3048.4;3984.8;-377.6;1.0796921341749855e-05
19973;-3048.4;3984.8;-332.1;6.529378429337122e-06
19983;-3037.3;3967.5;-377.6;1.4726384992334874e-05
19985;-3037.3;3967.5;-332.1;1.5083071327662151e-05
19995;-3026.3;3950.3;-377.6;1.2509168575674424e-05
19997;-3026.3;3950.3;-332.1;2.3141939318157823e-05
20007;-3015.2;3933.1;-377.6;1.2456538846470674e-05
20009;-3015.2;3933.1;-332.1;2.522798660117043e-05
20019;-3004.2;3915.9;-377.6;1.2396879823087904e-05
20021;-3004.2;3915.9;-332.1;2.508838323306271e-05
20031;-2993.1;3898.7;-377.6;1.0275698831114367e-05
20033;-2993.1;3898.7;-332.1;1.6630307290751586e-05
20043;-2982.1;3881.5;-377.6;8.250222040599026e-06
20045;-2982.1;3881.5;-332.1;1.6526542893312117e-05
20055;-2971.0;3864.3;-377.6;1.1941032104839703e-05
20057;-2971.0;3864.3;-332.1;2.0168154444814333e-05
20069;-2960.0;3847.1;-332.1;2.004990292979812e-05
20080;-2948.9;3829.8;-354.8;6.1369757747526865e-06
20081;-2948.9;3829.8;-332.1;1.8056954603923278e-05
20090;-2937.9;3812.6;-400.3;8.118014283912636e-06
20092;-2937.9;3812.6;-354.8;9.887221347637944e-06
20093;-2937.9;3812.6;-332.1;1.3983773860630366e-05
20692;-3108.5;4116.3;-354.8;2.2007668088957653e-06
20704;-3097.4;4099.1;-354.8;2.201312605994425e-06
20706;-3097.4;4099.1;-309.4;4.40680022273192e-06
20717;-3086.4;4081.9;-332.1;2.2007132684305594e-06
20718;-3086.4;4081.9;-309.4;4.401410618043062e-06
20730;-3075.3;4064.7;-309.4;4.395968908260027e-06
20739;-3064.3;4047.5;-377.6;4.375469733244836e-06
20742;-3064.3;4047.5;-309.4;2.194136645840403e-06
20751;-3053.2;4030.3;-377.6;8.528224497397245e-06
20753;-3053.2;4030.3;-332.1;4.268711991260463e-06
20763;-3042.2;4013.0;-377.6;6.336859416272761e-06
20765;-3042.2;4013.0;-332.1;4.2607907376646664e-06
20775;-3031.1;3995.8;-377.6;6.319248117877701e-06
20789;-3020.1;3978.6;-332.1;1.054746764603563e-05
20799;-3009.0;3961.4;-377.6;4.2144146868030795e-06
20801;-3009.0;3961.4;-332.1;1.051130379571091e-05
20811;-2998.0;3944.2;-377.6;8.131489106973971e-06
20813;-2998.0;3944.2;-332.1;1.8518874663089943e-05
20823;-2986.9;3927.0;-377.6;6.142310928721621e-06
20825;-2986.9;3927.0;-332.1;1.8455558219496776e-05
20837;-2975.9;3909.8;-332.1;1.2254924910041874e-05
20847;-2964.8;3892.6;-377.6;6.091500966556944e-06
20849;-2964.8;3892.6;-332.1;1.2201881979389171e-05
20861;-2953.8;3875.3;-332.1;1.214465059475888e-05
20873;-2942.7;3858.1;-332.1;1.579663299270941e-05
20882;-2931.7;3840.9;-400.3;4.0550104229366796e-06
20884;-2931.7;3840.9;-354.8;7.857094860553687e-06
20885;-2931.7;3840.9;-332.1;1.572688535367589e-05
20896;-2920.6;3823.7;-354.8;7.815638654809614e-06
20897;-2920.6;3823.7;-332.1;1.1859365336625909e-05
21581;-3013.9;4006.9;-332.1;4.115649410476126e-06
21593;-3002.8;3989.7;-332.1;4.112325728860726e-06
21605;-2991.8;3972.5;-332.1;6.1550961309167165e-06
21617;-2980.7;3955.3;-332.1;6.1447489104161545e-06
21629;-2969.7;3938.1;-332.1;1.1972857555780064e-05
21639;-2958.6;3920.9;-377.6;3.978046060471204e-06
21641;-2958.6;3920.9;-332.1;7.9677670078919e-06
21651;-2947.6;3903.6;-377.6;3.967486366375296e-06
21653;-2947.6;3903.6;-332.1;7.949537335034194e-06
21665;-2936.5;3886.4;-332.1;7.925400462112587e-06
21677;-2925.5;3869.2;-332.1;7.898441768035987e-06
21689;-2914.4;3852.0;-332.1;1.1546022809700076e-05
21698;-2903.3;3834.8;-400.3;7.73262044524181e-06
21701;-2903.3;3834.8;-332.1;9.673454871729652e-06
22443;-2941.3;3931.9;-377.6;1.9241276467346e-06
22445;-2941.3;3931.9;-332.1;3.855379960235085e-06
22467;-2919.2;3897.5;-377.6;1.921612498037352e-06
22469;-2919.2;3897.5;-332.1;3.850211566043329e-06
22481;-2908.2;3880.3;-332.1;3.843477645617415e-06
22490;-2897.1;3863.1;-400.3;1.915673681809081e-06
22493;-2897.1;3863.1;-332.1;3.8386620713207235e-06
22502;-2886.1;3845.9;-400.3;5.641255709737901e-06
22504;-2886.1;3845.9;-354.8;1.912820095048973e-06
22505;-2886.1;3845.9;-332.1;3.8289463002335275e-06
6440;-3943.5;4771.3;-263.9;4.088219795149188e-06
6452;-3932.4;4754.1;-263.9;3.997557714627463e-06
6453;-3932.4;4754.1;-241.2;1.200863610194242e-05
7330;-3848.8;4661.9;-218.5;3.8157924010365755e-06
7376;-3804.6;4593.0;-263.9;3.5121087805881114e-06
8060;-3897.9;4776.2;-263.9;4.440260832913995e-06
8143;-3820.5;4655.8;-286.7;3.7459358717360977e-06
8192;-3776.3;4586.9;-263.9;1.0682209642795896e-05
8276;-3699.0;4466.4;-263.9;1.2650352031826494e-05
8288;-3687.9;4449.2;-263.9;3.164433880231898e-06
8298;-3676.8;4432.0;-309.4;3.0992501757298187e-06
8310;-3665.8;4414.8;-309.4;6.084594564886328e-06
8347;-3632.6;4363.2;-286.7;2.879098435448609e-06
8359;-3621.6;4345.9;-286.7;2.8249522016084244e-06
8371;-3610.5;4328.7;-286.7;5.543050092633425e-06
8864;-3880.6;4787.3;-263.9;4.414747894752258e-06
8935;-3814.3;4684.1;-286.7;3.849149680019349e-06
8938;-3814.3;4684.1;-218.5;4.082955046222078e-06
9104;-3659.6;4443.1;-263.9;3.0879363685733934e-06
9117;-3648.5;4425.9;-241.2;3.2241268811970683e-06
9129;-3637.5;4408.7;-241.2;3.169829224396599e-06
9163;-3604.3;4357.0;-286.7;5.923155362548568e-06
9174;-3593.3;4339.8;-309.4;5.81093934940885e-06
9186;-3582.2;4322.6;-309.4;2.9040788079165334e-06
9271;-3504.9;4202.1;-286.7;2.576377978283979e-06
9281;-3493.8;4184.9;-332.1;7.584206781481444e-06
9293;-3482.8;4167.7;-332.1;7.449742816853573e-06
9305;-3471.7;4150.5;-332.1;4.8830072054787e-06
9320;-3460.7;4133.3;-263.9;2.402280591541787e-06
9656;-3874.4;4815.6;-263.9;1.3177378038656902e-05
9668;-3863.4;4798.4;-263.9;4.223654977968055e-06
9766;-3774.9;4660.7;-218.5;4.0023727029463275e-06
9908;-3642.3;4454.2;-263.9;3.186945248656448e-06
9921;-3631.3;4437.0;-241.2;3.310115271322328e-06
9933;-3620.2;4419.7;-241.2;3.2631388117723674e-06
10124;-3443.4;4144.4;-263.9;2.551991441834045e-06
10148;-3421.3;4109.9;-263.9;2.3784726037218906e-06
10216;-3355.0;4006.7;-354.8;2.2369270560192874e-06
10254;-3321.8;3955.0;-309.4;2.133730449519309e-06
10264;-3310.8;3937.8;-354.8;4.195193439778899e-06
10557;-3768.7;4689.0;-241.2;3.9359111710471025e-06
10627;-3702.4;4585.7;-286.7;7.242238392643654e-06
10674;-3658.2;4516.9;-309.4;3.245735775358397e-06
10725;-3614.0;4448.0;-241.2;3.302668705711991e-06
10737;-3603.0;4430.8;-241.2;3.2652406876806257e-06
10749;-3591.9;4413.6;-241.2;3.2449752934097783e-06
10853;-3492.4;4258.7;-332.1;2.693679069928627e-06
10928;-3426.1;4155.4;-263.9;2.6497609398248457e-06
10962;-3393.0;4103.8;-309.4;1.479568370261203e-05
11080;-3282.5;3931.7;-354.8;6.471753318987513e-06
11116;-3249.3;3880.0;-354.8;2.088386170069049e-06
11117;-3249.3;3880.0;-332.1;2.090367464188394e-06
11131;-3238.3;3862.8;-286.7;2.061073863141939e-06
11175;-3194.1;3794.0;-377.6;1.9345595743627323e-06
11199;-3171.9;3759.6;-377.6;5.633943608385427e-06
11419;-3696.2;4614.0;-286.7;1.0584208238446933e-05
11431;-3685.2;4596.8;-286.7;3.3690204500474623e-06
11466;-3652.0;4545.2;-309.4;3.432390908314268e-06
11478;-3641.0;4528.0;-309.4;1.0178710208039163e-05
11553;-3574.6;4424.7;-241.2;3.2208355887512e-06
11562;-3563.6;4407.5;-309.4;1.898541838057422e-05
11633;-3497.3;4304.2;-332.1;2.7631301898411376e-06
11645;-3486.2;4287.0;-332.1;5.519095639436316e-06
11720;-3419.9;4183.7;-263.9;2.718084613324964e-06
11753;-3386.8;4132.1;-332.1;5.212510491790001e-06
11756;-3386.8;4132.1;-263.9;2.6049542336581064e-06
11872;-3276.3;3960.0;-354.8;1.1269572685627097e-05
11967;-3187.8;3822.3;-377.6;2.0597584332899195e-06
12039;-3121.5;3719.0;-377.6;5.608156208741533e-06
12258;-3645.8;4573.5;-309.4;7.104747589291213e-06
12345;-3568.4;4453.0;-241.2;3.0027208531484e-06
12356;-3557.4;4435.8;-263.9;3.052817333682233e-06
12357;-3557.4;4435.8;-241.2;3.109496146849997e-06
12366;-3546.3;4418.6;-309.4;1.860204129947769e-05
12511;-3413.7;4212.0;-286.7;2.6276787332464062e-06
12546;-3380.6;4160.4;-309.4;1.5634801497380448e-05
12724;-3214.8;3902.2;-354.8;2.227493285918731e-06
12751;-3192.7;3867.8;-286.7;2.146800766334132e-06
12763;-3181.6;3850.6;-286.7;2.1534174291654306e-06
12775;-3170.6;3833.4;-286.7;2.025739947903131e-06
13194;-3507.0;4395.2;-309.4;2.8712234573030773e-06
13328;-3385.4;4205.9;-263.9;2.592185256144054e-06
13364;-3352.3;4154.3;-263.9;2.5383156044238864e-06
13384;-3330.1;4119.8;-354.8;2.3962306509166117e-06
13494;-3230.7;3964.9;-309.4;2.1271984445681978e-06
13555;-3175.4;3878.9;-286.7;2.1936600236842326e-06
13661;-3076.0;3724.0;-332.1;1.8402027604236906e-06
13701;-3766.0;4836.6;-241.2;8.442982156020394e-06
13711;-3755.0;4819.4;-286.7;4.011015588938734e-06
13749;-3721.8;4767.8;-241.2;1.6281429421056137e-05
13773;-3699.7;4733.3;-241.2;8.047308286770062e-06
13832;-3644.4;4647.3;-263.9;1.8540148482868947e-05
13964;-3522.9;4457.9;-263.9;3.327916530273891e-06
14144;-3357.1;4199.8;-263.9;2.4359278106525234e-06
14165;-3335.0;4165.3;-332.1;2.405287895563113e-06
14320;-3191.3;3941.6;-354.8;4.4728834684396446e-06
14335;-3180.3;3924.4;-286.7;2.2036122767037836e-06
14343;-3169.2;3907.2;-377.6;2.098062371320513e-06
14355;-3158.2;3890.0;-377.6;4.198709342987017e-06
14465;-3058.7;3735.0;-332.1;3.7916091380858054e-06
14551;-3704.5;4778.8;-286.7;3.84713002676906e-06
14563;-3693.5;4761.6;-286.7;3.842596581463991e-06
14565;-3693.5;4761.6;-241.2;7.705080387833361e-06
14575;-3682.4;4744.4;-286.7;3.838644274526245e-06
14577;-3682.4;4744.4;-241.2;3.844885116470995e-06
14636;-3627.2;4658.4;-263.9;1.0842683244831997e-05
14778;-3494.6;4451.8;-309.4;2.8990107765731608e-06
14779;-3494.6;4451.8;-286.7;1.8923279387365322e-05
14813;-3461.4;4400.2;-332.1;6.311597984643013e-06
14825;-3450.3;4383.0;-332.1;1.2424429315989888e-05
14933;-3350.9;4228.1;-332.1;7.835607367457295e-06
14957;-3328.8;4193.6;-332.1;2.3767802407377875e-06
15123;-3174.1;3952.7;-377.6;2.120165257538537e-06
15124;-3174.1;3952.7;-354.8;4.338634185616395e-06
15126;-3174.1;3952.7;-309.4;2.1263535789017577e-06
15139;-3163.0;3935.5;-286.7;2.126426422176055e-06
15163;-3140.9;3901.0;-286.7;2.1640886404393365e-06
15486;-3565.7;4600.6;-309.4;1.3606143418706508e-05
15534;-3521.5;4531.8;-309.4;1.2970456815577923e-05
15570;-3488.3;4480.1;-309.4;3.3083666549865388e-06
15617;-3444.1;4411.3;-332.1;6.291155475757559e-06
15915;-3167.8;3981.0;-377.6;2.193095888520447e-06
15931;-3156.8;3963.8;-286.7;2.019274437393765e-06
15955;-3134.7;3929.3;-286.7;4.106860515592403e-06
16326;-3515.3;4560.0;-309.4;3.220832300291103e-06
16338;-3504.2;4542.8;-309.4;3.2138586537919746e-06
16340;-3504.2;4542.8;-263.9;6.442765548014416e-06
16362;-3482.1;4508.4;-309.4;6.248125513572663e-06
16364;-3482.1;4508.4;-263.9;6.26237282280968e-06
16564;-3294.3;4215.8;-354.8;2.7205895933895705e-06
16734;-3139.5;3974.8;-309.4;4.454433693876242e-06
16771;-3106.4;3923.2;-286.7;1.9785454825167547e-06
17191;-3442.8;4485.1;-286.7;2.971608303709267e-06
17203;-3431.7;4467.9;-286.7;2.969175917301676e-06
17225;-3409.6;4433.4;-332.1;5.903115526171336e-06
17368;-3277.0;4226.9;-354.8;2.673570726691972e-06
17500;-3155.4;4037.6;-354.8;2.1950572509791465e-06
17514;-3144.4;4020.3;-309.4;1.4051351341807632e-05
17535;-3122.3;3985.9;-377.6;9.170630985518604e-06
17678;-2989.7;3779.4;-400.3;1.940719448944547e-06
17679;-2989.7;3779.4;-377.6;3.695918401465252e-06
18067;-3359.2;4392.9;-286.7;5.496321002806324e-06
18077;-3348.1;4375.7;-332.1;2.7413413318502796e-06
18079;-3348.1;4375.7;-286.7;5.489467482021817e-06
18089;-3337.1;4358.5;-332.1;2.7363191803178784e-06
18113;-3315.0;4324.0;-332.1;5.3217536366016555e-06
18318;-3127.1;4031.4;-309.4;1.1724118127884692e-05
18329;-3116.1;4014.2;-332.1;1.141065293601671e-05
18459;-2994.5;3824.9;-377.6;3.871646738095355e-06
18483;-2972.4;3790.5;-377.6;1.793316985993905e-06
18942;-3275.6;4300.7;-309.4;2.5461641340078422e-06
18955;-3264.6;4283.5;-286.7;2.544346915034996e-06
18966;-3253.5;4266.3;-309.4;2.5386569723633404e-06
18976;-3242.5;4249.1;-354.8;2.530802628600182e-06
19131;-3098.8;4025.3;-377.6;4.636372364192881e-06
19274;-2966.2;3818.8;-400.3;4.104979026426435e-06
19818;-3192.1;4208.5;-309.4;4.730729935669566e-06
19852;-3158.9;4156.9;-354.8;2.3530449886118334e-06
19888;-3125.7;4105.2;-354.8;4.565773643530635e-06
19923;-3092.6;4053.6;-377.6;2.216632084535267e-06
19926;-3092.6;4053.6;-309.4;8.94745220901981e-06
20078;-2948.9;3829.8;-400.3;4.115877776071618e-06
20694;-3108.5;4116.3;-309.4;4.41017449260615e-06
20729;-3075.3;4064.7;-332.1;2.196921451020591e-06
20741;-3064.3;4047.5;-332.1;2.19212822473105e-06
20754;-3053.2;4030.3;-309.4;4.272577356923524e-06
20777;-3031.1;3995.8;-332.1;4.250928390060793e-06
20787;-3020.1;3978.6;-377.6;6.304424367084431e-06
20835;-2975.9;3909.8;-377.6;6.117965141012932e-06
20859;-2953.8;3875.3;-377.6;6.061295725221773e-06
20894;-2920.6;3823.7;-400.3;7.991749398104453e-06
21567;-3024.9;4024.1;-377.6;2.054506697427754e-06
21569;-3024.9;4024.1;-332.1;2.0585350461126754e-06
21579;-3013.9;4006.9;-377.6;2.0538345713732e-06
21591;-3002.8;3989.7;-377.6;2.052213307530629e-06
21603;-2991.8;3972.5;-377.6;2.0496440732690303e-06
21615;-2980.7;3955.3;-377.6;2.0461293688548036e-06
21627;-2969.7;3938.1;-377.6;3.985546647388551e-06
21663;-2936.5;3886.4;-377.6;3.955505813938918e-06
21686;-2914.4;3852.0;-400.3;3.9261420040375285e-06
21688;-2914.4;3852.0;-354.8;5.767978951713217e-06
21700;-2903.3;3834.8;-354.8;5.750410132250136e-06
22455;-2930.3;3914.7;-377.6;1.9242392026586154e-06
22457;-2930.3;3914.7;-332.1;3.851647123613855e-06
22492;-2897.1;3863.1;-354.8;1.9176574255107832e-06
