idx_sel_plas_points;plasma_x;plasma_y;plasma_z;total_intensity_fraction
1349;-3881.8347972383453;4724.132077893411;-237.41666666666669;1.508751401581709e-05
1356;-3862.12106445667;4693.429758177448;-237.41666666666669;1.2659672634700687e-05
1362;-3842.4073316749946;4662.727438461484;-279.08333333333337;6.9036517522457666e-06
1363;-3842.4073316749946;4662.727438461484;-237.41666666666669;6.917087174766753e-06
1369;-3822.693598893319;4632.025118745521;-279.08333333333337;6.707099923357642e-06
1370;-3822.693598893319;4632.025118745521;-237.41666666666669;3.943755427893681e-06
1376;-3802.9798661116442;4601.322799029556;-279.08333333333337;7.055176450822204e-06
1383;-3783.2661333299684;4570.620479313593;-279.08333333333337;5.1322561568648195e-06
1397;-3743.8386677666176;4509.2158398816655;-279.08333333333337;1.0744284688607286e-06
1405;-3724.1249349849422;4478.513520165701;-237.41666666666669;5.209016323788239e-07
1601;-3889.206225285205;4806.119662310792;-237.41666666666669;3.223981008774206e-06
1608;-3869.49249250353;4775.4173425948275;-237.41666666666669;3.6479430917256777e-06
1614;-3849.7787597218544;4744.715022878864;-279.08333333333337;2.0060717376239626e-06
1615;-3849.7787597218544;4744.715022878864;-237.41666666666669;2.9818383487032505e-05
1621;-3830.065026940179;4714.0127031629;-279.08333333333337;2.4686124387968486e-05
1622;-3830.065026940179;4714.0127031629;-237.41666666666669;3.5235208081731395e-05
1628;-3810.351294158504;4683.310383446937;-279.08333333333337;2.184719202251853e-05
1629;-3810.351294158504;4683.310383446937;-237.41666666666669;2.189541566961862e-05
1635;-3790.637561376828;4652.608063730973;-279.08333333333337;2.4528086970345926e-05
1636;-3790.637561376828;4652.608063730973;-237.41666666666669;1.8805754565188144e-05
1642;-3770.9238285951533;4621.905744015009;-279.08333333333337;2.686420675198777e-05
1643;-3770.9238285951533;4621.905744015009;-237.41666666666669;4.78824512712904e-06
1649;-3751.210095813478;4591.203424299045;-279.08333333333337;7.4137591033016425e-06
1663;-3711.782630250127;4529.798784867117;-279.08333333333337;1.3171312726805585e-05
1670;-3692.0688974684517;4499.096465151154;-279.08333333333337;1.1691453383189733e-05
1676;-3672.3551646867763;4468.39414543519;-320.75;1.5895217352054647e-06
1677;-3672.3551646867763;4468.39414543519;-279.08333333333337;1.54286013409947e-05
1678;-3672.3551646867763;4468.39414543519;-237.41666666666669;5.2478309241044924e-06
1683;-3652.641431905101;4437.6918257192265;-320.75;2.408000766920694e-06
1684;-3652.641431905101;4437.6918257192265;-279.08333333333337;1.3428696460588366e-05
1685;-3652.641431905101;4437.6918257192265;-237.41666666666669;1.7979750650735435e-06
1691;-3632.9276991234256;4406.989506003262;-279.08333333333337;8.174008556140305e-06
1698;-3613.21396634175;4376.287186287299;-279.08333333333337;6.961311191470327e-06
1712;-3573.7865007783994;4314.882546855371;-279.08333333333337;2.4134749770585405e-07
1718;-3554.072767996724;4284.180227139407;-320.75;5.017876384967665e-06
1719;-3554.072767996724;4284.180227139407;-279.08333333333337;6.185404813939472e-06
1725;-3534.3590352150486;4253.477907423444;-320.75;3.5552800028406478e-06
1726;-3534.3590352150486;4253.477907423444;-279.08333333333337;5.341625074649802e-06
1732;-3514.645302433373;4222.77558770748;-320.75;3.899870478057023e-06
1733;-3514.645302433373;4222.77558770748;-279.08333333333337;3.906035553882767e-06
1739;-3494.931569651698;4192.073267991516;-320.75;3.1600129066046107e-06
1740;-3494.931569651698;4192.073267991516;-279.08333333333337;2.109344085010692e-06
1746;-3475.2178368700224;4161.370948275552;-320.75;2.4580728492476626e-06
1867;-3857.1501877687137;4826.702607296245;-237.41666666666669;1.6780091310323718e-05
1873;-3837.436454987038;4796.000287580281;-279.08333333333337;7.25964061984676e-06
1874;-3837.436454987038;4796.000287580281;-237.41666666666669;5.664759186780383e-06
1880;-3817.722722205363;4765.297967864318;-279.08333333333337;2.3315986249200027e-05
1881;-3817.722722205363;4765.297967864318;-237.41666666666669;3.1276856835424854e-05
1887;-3798.0089894236876;4734.595648148354;-279.08333333333337;5.120660098020196e-05
1888;-3798.0089894236876;4734.595648148354;-237.41666666666669;3.950869757296827e-05
1894;-3778.295256642012;4703.89332843239;-279.08333333333337;3.617833430959436e-05
1895;-3778.295256642012;4703.89332843239;-237.41666666666669;3.4633818787624e-05
1901;-3758.581523860337;4673.191008716426;-279.08333333333337;4.1184785047216454e-05
1902;-3758.581523860337;4673.191008716426;-237.41666666666669;4.087943271250698e-05
1908;-3738.8677910786614;4642.488689000463;-279.08333333333337;3.5138886885955106e-05
1909;-3738.8677910786614;4642.488689000463;-237.41666666666669;2.2278961206469425e-05
1915;-3719.154058296986;4611.7863692844985;-279.08333333333337;4.912281037785523e-06
1916;-3719.154058296986;4611.7863692844985;-237.41666666666669;3.895814286968612e-06
1922;-3699.4403255153106;4581.084049568535;-279.08333333333337;1.211647191091532e-05
1929;-3679.7265927336352;4550.381729852571;-279.08333333333337;2.479974626661647e-05
1936;-3660.01285995196;4519.679410136607;-279.08333333333337;2.302046321749528e-05
1937;-3660.01285995196;4519.679410136607;-237.41666666666669;2.309347977343161e-06
1942;-3640.2991271702845;4488.977090420643;-320.75;1.9973233713060937e-06
1943;-3640.2991271702845;4488.977090420643;-279.08333333333337;3.197393387169266e-05
1944;-3640.2991271702845;4488.977090420643;-237.41666666666669;4.848496239196786e-06
1949;-3620.585394388609;4458.274770704679;-320.75;2.2157834678414708e-06
1950;-3620.585394388609;4458.274770704679;-279.08333333333337;2.9527206349837828e-05
1957;-3600.871661606934;4427.572450988716;-279.08333333333337;1.8124294692299617e-05
1958;-3600.871661606934;4427.572450988716;-237.41666666666669;2.658182491809902e-07
1964;-3581.1579288252583;4396.870131272752;-279.08333333333337;1.663213640978895e-05
1977;-3541.7304632619075;4335.465491840824;-320.75;7.144363393043294e-06
1978;-3541.7304632619075;4335.465491840824;-279.08333333333337;1.0135356556785307e-06
1984;-3522.0167304802326;4304.763172124861;-320.75;1.5534407602332444e-05
1985;-3522.0167304802326;4304.763172124861;-279.08333333333337;1.5282076414642836e-05
1991;-3502.302997698557;4274.060852408897;-320.75;1.171472569660235e-05
1992;-3502.302997698557;4274.060852408897;-279.08333333333337;1.7604236948204628e-05
1998;-3482.5892649168813;4243.358532692933;-320.75;1.6424457038584594e-05
1999;-3482.5892649168813;4243.358532692933;-279.08333333333337;1.513483197357576e-05
2005;-3462.8755321352064;4212.656212976969;-320.75;1.4695749574418466e-05
2006;-3462.8755321352064;4212.656212976969;-279.08333333333337;9.813213561872834e-06
2012;-3443.161799353531;4181.953893261006;-320.75;5.01221173244933e-06
2013;-3443.161799353531;4181.953893261006;-279.08333333333337;8.99254545695701e-06
2026;-3403.7343337901802;4120.549253829078;-320.75;1.1138272083938163e-05
2032;-3384.020601008505;4089.846934113114;-362.4166666666667;1.5953930114269243e-06
2033;-3384.020601008505;4089.846934113114;-320.75;6.448473249797701e-06
2039;-3364.3068682268295;4059.1446143971502;-362.4166666666667;1.4007620515456174e-06
2040;-3364.3068682268295;4059.1446143971502;-320.75;8.836785313184048e-06
2047;-3344.593135445154;4028.4422946811865;-320.75;7.486921405283537e-06
2054;-3324.8794026634787;3997.7399749652227;-320.75;6.736784989246997e-06
2055;-3324.8794026634787;3997.7399749652227;-279.08333333333337;1.9062833216313828e-06
2061;-3305.1656698818033;3967.037655249259;-320.75;4.0139467611366115e-06
2062;-3305.1656698818033;3967.037655249259;-279.08333333333337;2.9137946097001e-06
2068;-3285.451937100128;3936.3353355332947;-320.75;3.2125678636634283e-06
2081;-3246.024471536777;3874.9306961013676;-362.4166666666667;2.3748410685469796e-06
2088;-3226.3107387551017;3844.228376385404;-362.4166666666667;2.9792705872804197e-06
2089;-3226.3107387551017;3844.228376385404;-320.75;2.9835396464611293e-06
2095;-3206.5970059734263;3813.5260566694396;-362.4166666666667;1.9457210646978645e-06
2096;-3206.5970059734263;3813.5260566694396;-320.75;1.947987641447277e-06
2102;-3186.883273191751;3782.8237369534763;-362.4166666666667;1.4243544260821058e-06
2103;-3186.883273191751;3782.8237369534763;-320.75;1.42621172243986e-06
2109;-3167.169540410076;3752.1214172375126;-362.4166666666667;9.274994763619749e-07
2110;-3167.169540410076;3752.1214172375126;-320.75;9.285176682621922e-07
2133;-3825.094150252223;4847.285552281698;-237.41666666666669;1.1313277014429517e-05
2139;-3805.3804174705474;4816.583232565734;-279.08333333333337;9.101296505005908e-06
2146;-3785.666684688872;4785.8809128497705;-279.08333333333337;3.011758568047387e-05
2147;-3785.666684688872;4785.8809128497705;-237.41666666666669;8.787677610747903e-06
2153;-3765.9529519071966;4755.178593133806;-279.08333333333337;4.152045493178899e-05
2154;-3765.9529519071966;4755.178593133806;-237.41666666666669;1.802003165673632e-05
2160;-3746.2392191255212;4724.476273417843;-279.08333333333337;2.7597548535250324e-05
2161;-3746.2392191255212;4724.476273417843;-237.41666666666669;2.5205003178517237e-05
2167;-3726.525486343846;4693.773953701879;-279.08333333333337;3.3101569356613485e-05
2168;-3726.525486343846;4693.773953701879;-237.41666666666669;4.3717776666485684e-05
2174;-3706.8117535621705;4663.0716339859155;-279.08333333333337;2.175728244509944e-05
2175;-3706.8117535621705;4663.0716339859155;-237.41666666666669;3.185560025097741e-05
2182;-3687.098020780495;4632.369314269951;-237.41666666666669;1.1515154705835559e-05
2188;-3667.3842879988197;4601.666994553988;-279.08333333333337;3.579998034787108e-05
2189;-3667.3842879988197;4601.666994553988;-237.41666666666669;3.9622333524207185e-06
2195;-3647.6705552171443;4570.964674838024;-279.08333333333337;3.410533578917316e-05
2202;-3627.956822435469;4540.2623551220595;-279.08333333333337;3.380144691984556e-05
2203;-3627.956822435469;4540.2623551220595;-237.41666666666669;2.3586707902168765e-06
2208;-3608.2430896537935;4509.560035406096;-320.75;2.1840664771311976e-06
2209;-3608.2430896537935;4509.560035406096;-279.08333333333337;4.791658039054163e-05
2210;-3608.2430896537935;4509.560035406096;-237.41666666666669;4.303802402082619e-06
2215;-3588.529356872118;4478.857715690132;-320.75;1.5446588693483728e-06
2216;-3588.529356872118;4478.857715690132;-279.08333333333337;4.521792919980039e-05
2217;-3588.529356872118;4478.857715690132;-237.41666666666669;1.6592629464636468e-06
2223;-3568.815624090443;4448.155395974169;-279.08333333333337;2.8407353180033295e-05
2230;-3549.1018913087673;4417.453076258204;-279.08333333333337;2.674043818795946e-05
2236;-3529.388158527092;4386.75075654224;-320.75;7.049035280130703e-06
2237;-3529.388158527092;4386.75075654224;-279.08333333333337;2.726327767914025e-06
2243;-3509.674425745417;4356.048436826277;-320.75;2.2558606456368078e-05
2244;-3509.674425745417;4356.048436826277;-279.08333333333337;1.7234516065171548e-06
2250;-3489.9606929637416;4325.346117110314;-320.75;2.6325639793869884e-05
2251;-3489.9606929637416;4325.346117110314;-279.08333333333337;1.8518509152916942e-05
2257;-3470.2469601820662;4294.643797394349;-320.75;2.05505531008711e-05
2258;-3470.2469601820662;4294.643797394349;-279.08333333333337;2.5527085334245365e-05
2264;-3450.533227400391;4263.941477678385;-320.75;2.7172025816777152e-05
2265;-3450.533227400391;4263.941477678385;-279.08333333333337;2.1552480153750272e-05
2271;-3430.8194946187155;4233.239157962422;-320.75;2.0928719812941288e-05
2272;-3430.8194946187155;4233.239157962422;-279.08333333333337;1.7854605902463926e-05
2278;-3411.10576183704;4202.5368382464585;-320.75;2.494461101021534e-06
2279;-3411.10576183704;4202.5368382464585;-279.08333333333337;1.8263676634428054e-05
2285;-3391.3920290553647;4171.834518530494;-320.75;1.2404854021479142e-06
2286;-3391.3920290553647;4171.834518530494;-279.08333333333337;6.7465750829834696e-06
2291;-3371.6782962736893;4141.13219881453;-362.4166666666667;6.44237414703308e-07
2292;-3371.6782962736893;4141.13219881453;-320.75;1.6568044775575393e-05
2298;-3351.964563492014;4110.429879098567;-362.4166666666667;1.916528846040529e-06
2299;-3351.964563492014;4110.429879098567;-320.75;1.3359172803408837e-05
2305;-3332.2508307103385;4079.727559382603;-362.4166666666667;1.251788402716957e-06
2306;-3332.2508307103385;4079.727559382603;-320.75;1.89536671636358e-05
2313;-3312.537097928663;4049.025239666639;-320.75;1.7349341734402264e-05
2320;-3292.8233651469877;4018.3229199506754;-320.75;1.635704125011203e-05
2321;-3292.8233651469877;4018.3229199506754;-279.08333333333337;2.4084242456275433e-06
2327;-3273.1096323653123;3987.6206002347117;-320.75;9.9110310730054e-06
2328;-3273.1096323653123;3987.6206002347117;-279.08333333333337;3.1207475312059207e-06
2333;-3253.395899583637;3956.9182805187475;-362.4166666666667;5.264367115606862e-07
2334;-3253.395899583637;3956.9182805187475;-320.75;1.0926789415705827e-05
2335;-3253.395899583637;3956.9182805187475;-279.08333333333337;1.300395848548498e-06
2340;-3233.6821668019616;3926.215960802784;-362.4166666666667;9.741276733923754e-06
2347;-3213.9684340202866;3895.5136410868204;-362.4166666666667;7.820968642783445e-06
2348;-3213.9684340202866;3895.5136410868204;-320.75;1.8435389331029463e-07
2354;-3194.254701238611;3864.8113213708566;-362.4166666666667;1.028124324213324e-05
2355;-3194.254701238611;3864.8113213708566;-320.75;8.416460077762036e-06
2361;-3174.5409684569354;3834.1090016548924;-362.4166666666667;9.697909823698549e-06
2362;-3174.5409684569354;3834.1090016548924;-320.75;9.712292529727443e-06
2368;-3154.8272356752605;3803.406681938929;-362.4166666666667;8.97860574196905e-06
2369;-3154.8272356752605;3803.406681938929;-320.75;8.99116406763117e-06
2375;-3135.113502893585;3772.7043622229653;-362.4166666666667;3.7321777485825217e-06
2376;-3135.113502893585;3772.7043622229653;-320.75;6.3900376800803835e-06
2381;-3115.3997701119097;3742.0020425070015;-404.0833333333333;3.0614795672978434e-07
2383;-3115.3997701119097;3742.0020425070015;-320.75;4.7857289716405246e-06
2388;-3095.686037330234;3711.2997227910373;-404.0833333333333;1.7164244766849041e-06
2389;-3095.686037330234;3711.2997227910373;-362.4166666666667;6.54164772391691e-06
2390;-3095.686037330234;3711.2997227910373;-320.75;1.8183822002642839e-06
2399;-3793.038112735731;4867.868497267151;-237.41666666666669;4.986457191596945e-06
2405;-3773.3243799540555;4837.166177551187;-279.08333333333337;5.600964584657162e-06
2412;-3753.6106471723806;4806.463857835223;-279.08333333333337;1.2362624888715964e-05
2419;-3733.8969143907048;4775.761538119259;-279.08333333333337;1.6150937074940243e-05
2420;-3733.8969143907048;4775.761538119259;-237.41666666666669;2.631356797043977e-06
2426;-3714.18318160903;4745.059218403296;-279.08333333333337;1.0839589489796446e-05
2427;-3714.18318160903;4745.059218403296;-237.41666666666669;9.169322044807854e-06
2433;-3694.4694488273544;4714.3568986873315;-279.08333333333337;9.28090651622001e-06
2434;-3694.4694488273544;4714.3568986873315;-237.41666666666669;2.0073692570893778e-05
2440;-3674.755716045679;4683.654578971368;-279.08333333333337;3.346991096760685e-06
2441;-3674.755716045679;4683.654578971368;-237.41666666666669;2.4740332659477157e-05
2448;-3655.0419832640036;4652.952259255404;-237.41666666666669;1.0243961551229671e-05
2454;-3635.3282504823283;4622.249939539441;-279.08333333333337;2.909395105144666e-05
2455;-3635.3282504823283;4622.249939539441;-237.41666666666669;3.818717264803577e-06
2461;-3615.614517700653;4591.547619823476;-279.08333333333337;2.073569661511675e-05
2468;-3595.9007849189775;4560.845300107513;-279.08333333333337;2.1990945720398153e-05
2475;-3576.187052137302;4530.142980391549;-279.08333333333337;3.39811848211171e-05
2482;-3556.4733193556267;4499.440660675586;-279.08333333333337;3.5643474659400046e-05
2489;-3536.7595865739513;4468.738340959621;-279.08333333333337;2.4793509945172516e-05
2495;-3517.045853792276;4438.036021243658;-320.75;5.643114083192746e-06
2496;-3517.045853792276;4438.036021243658;-279.08333333333337;3.791713040790647e-05
2502;-3497.3321210106005;4407.333701527694;-320.75;1.73687684137295e-05
2503;-3497.3321210106005;4407.333701527694;-279.08333333333337;9.156828994670472e-06
2509;-3477.618388228925;4376.6313818117305;-320.75;3.560897545868926e-05
2510;-3477.618388228925;4376.6313818117305;-279.08333333333337;6.845645673816276e-07
2516;-3457.9046554472498;4345.929062095766;-320.75;3.224853348369478e-05
2517;-3457.9046554472498;4345.929062095766;-279.08333333333337;1.6364971255545538e-05
2523;-3438.1909226655744;4315.226742379803;-320.75;2.5713248118581453e-05
2524;-3438.1909226655744;4315.226742379803;-279.08333333333337;2.5294873505930543e-05
2530;-3418.477189883899;4284.524422663839;-320.75;3.0582211447293614e-05
2531;-3418.477189883899;4284.524422663839;-279.08333333333337;2.394190237851923e-05
2537;-3398.7634571022236;4253.8221029478755;-320.75;2.1250223094864693e-05
2538;-3398.7634571022236;4253.8221029478755;-279.08333333333337;2.5798364367562228e-05
2545;-3379.049724320548;4223.119783231911;-279.08333333333337;2.8082092312925502e-05
2551;-3359.3359915388733;4192.417463515948;-320.75;1.4894942958841022e-05
2552;-3359.3359915388733;4192.417463515948;-279.08333333333337;1.6499967089280875e-05
2557;-3339.6222587571974;4161.715143799984;-362.4166666666667;8.721311928289555e-07
2558;-3339.6222587571974;4161.715143799984;-320.75;2.1459729277683272e-05
2559;-3339.6222587571974;4161.715143799984;-279.08333333333337;4.19353170128581e-06
2564;-3319.908525975522;4131.0128240840195;-362.4166666666667;2.0765489892078103e-06
2565;-3319.908525975522;4131.0128240840195;-320.75;2.0195422406149154e-05
2571;-3300.1947931938466;4100.310504368056;-362.4166666666667;1.00450176915327e-06
2572;-3300.1947931938466;4100.310504368056;-320.75;2.845890106943023e-05
2579;-3280.4810604121717;4069.6081846520924;-320.75;2.668590356606131e-05
2580;-3280.4810604121717;4069.6081846520924;-279.08333333333337;3.9539152449723504e-07
2586;-3260.7673276304963;4038.9058649361286;-320.75;2.553153071078763e-05
2587;-3260.7673276304963;4038.9058649361286;-279.08333333333337;2.56228085924175e-06
2592;-3241.0535948488205;4008.2035452201644;-362.4166666666667;7.332363523241438e-07
2593;-3241.0535948488205;4008.2035452201644;-320.75;1.5910770686065752e-05
2594;-3241.0535948488205;4008.2035452201644;-279.08333333333337;2.757946774327498e-06
2599;-3221.339862067145;3977.5012255042006;-362.4166666666667;1.0046219259190065e-05
2600;-3221.339862067145;3977.5012255042006;-320.75;2.222363253379746e-05
2601;-3221.339862067145;3977.5012255042006;-279.08333333333337;1.1660884307551656e-06
2606;-3201.62612928547;3946.798905788237;-362.4166666666667;2.007305793921054e-05
2613;-3181.9123965037948;3916.0965860722736;-362.4166666666667;1.3124575978379136e-05
2620;-3162.1986637221194;3885.3942663563093;-362.4166666666667;1.7542457396879157e-05
2621;-3162.1986637221194;3885.3942663563093;-320.75;1.1380356934720188e-05
2627;-3142.484930940444;3854.6919466403456;-362.4166666666667;1.698807782216206e-05
2628;-3142.484930940444;3854.6919466403456;-320.75;1.5155641315709308e-05
2634;-3122.7711981587686;3823.989626924382;-362.4166666666667;1.3278735929210408e-05
2635;-3122.7711981587686;3823.989626924382;-320.75;1.6149851326705655e-05
2641;-3103.057465377093;3793.2873072084185;-362.4166666666667;1.8793656938659778e-06
2642;-3103.057465377093;3793.2873072084185;-320.75;1.0414063329794185e-05
2647;-3083.343732595418;3762.5849874924547;-404.0833333333333;8.288276189671729e-07
2649;-3083.343732595418;3762.5849874924547;-320.75;9.55766231198231e-06
2654;-3063.6299998137424;3731.8826677764905;-404.0833333333333;1.8152326821886715e-06
2655;-3063.6299998137424;3731.8826677764905;-362.4166666666667;1.353228395377755e-05
2656;-3063.6299998137424;3731.8826677764905;-320.75;7.596309673551648e-06
2707;-3642.699678529188;4704.237523956821;-237.41666666666669;1.810181278839903e-06
2713;-3622.9859457475127;4673.535204240857;-279.08333333333337;6.027540176254139e-07
2714;-3622.9859457475127;4673.535204240857;-237.41666666666669;3.5722309118601097e-06
2720;-3603.2722129658373;4642.832884524893;-279.08333333333337;8.751114408771383e-06
2721;-3603.2722129658373;4642.832884524893;-237.41666666666669;2.391368957442657e-06
2727;-3583.558480184162;4612.130564808929;-279.08333333333337;7.464772120725086e-06
2734;-3563.8447474024865;4581.428245092966;-279.08333333333337;9.843801958785697e-06
2741;-3544.131014620811;4550.725925377002;-279.08333333333337;1.5803364805555086e-05
2748;-3524.4172818391357;4520.023605661038;-279.08333333333337;1.710434706528481e-05
2755;-3504.7035490574604;4489.321285945074;-279.08333333333337;1.3340537642251153e-05
2761;-3484.989816275785;4458.618966229111;-320.75;6.756285922793518e-06
2762;-3484.989816275785;4458.618966229111;-279.08333333333337;2.1960628845792e-05
2768;-3465.2760834941096;4427.916646513147;-320.75;2.0747669436140795e-05
2769;-3465.2760834941096;4427.916646513147;-279.08333333333337;6.1383734785850695e-06
2775;-3445.562350712434;4397.214326797183;-320.75;2.4825906588579314e-05
2782;-3425.8486179307592;4366.512007081219;-320.75;1.944814164631211e-05
2783;-3425.8486179307592;4366.512007081219;-279.08333333333337;4.43853689701907e-06
2789;-3406.1348851490834;4335.809687365256;-320.75;1.6276833763268023e-05
2790;-3406.1348851490834;4335.809687365256;-279.08333333333337;1.1909310945684139e-05
2796;-3386.421152367408;4305.1073676492915;-320.75;1.682933904487608e-05
2797;-3386.421152367408;4305.1073676492915;-279.08333333333337;1.4919163901445561e-05
2803;-3366.707419585733;4274.405047933328;-320.75;8.254442018338682e-06
2804;-3366.707419585733;4274.405047933328;-279.08333333333337;2.2676935798108245e-05
2810;-3346.9936868040572;4243.702728217364;-320.75;9.170459805245902e-07
2811;-3346.9936868040572;4243.702728217364;-279.08333333333337;2.9543007266316233e-05
2817;-3327.2799540223823;4213.000408501401;-320.75;2.5921117234899222e-05
2818;-3327.2799540223823;4213.000408501401;-279.08333333333337;2.07652137304021e-05
2823;-3307.566221240707;4182.298088785436;-362.4166666666667;8.101256911964188e-07
2824;-3307.566221240707;4182.298088785436;-320.75;2.151206639132157e-05
2825;-3307.566221240707;4182.298088785436;-279.08333333333337;8.150491439441062e-06
2830;-3287.852488459031;4151.595769069472;-362.4166666666667;5.750259961964918e-07
2831;-3287.852488459031;4151.595769069472;-320.75;2.1878510300932955e-05
2832;-3287.852488459031;4151.595769069472;-279.08333333333337;3.5942727544679824e-06
2838;-3268.138755677356;4120.893449353509;-320.75;3.3319241065521444e-05
2839;-3268.138755677356;4120.893449353509;-279.08333333333337;4.032648058462608e-07
2845;-3248.4250228956807;4090.191129637545;-320.75;3.431838540898214e-05
2851;-3228.7112901140054;4059.4888099215814;-362.4166666666667;2.89653815422695e-06
2852;-3228.7112901140054;4059.4888099215814;-320.75;3.2239071377161926e-05
2853;-3228.7112901140054;4059.4888099215814;-279.08333333333337;2.3605795170465652e-06
2858;-3208.99755733233;4028.786490205617;-362.4166666666667;8.938444430554297e-06
2859;-3208.99755733233;4028.786490205617;-320.75;2.157707586181087e-05
2860;-3208.99755733233;4028.786490205617;-279.08333333333337;2.4258281509373736e-06
2865;-3189.283824550654;3998.0841704896534;-362.4166666666667;1.9563779776401817e-05
2866;-3189.283824550654;3998.0841704896534;-320.75;2.620475146448252e-05
2867;-3189.283824550654;3998.0841704896534;-279.08333333333337;9.559883034965496e-07
2872;-3169.570091768979;3967.3818507736896;-362.4166666666667;2.9490231475436438e-05
2873;-3169.570091768979;3967.3818507736896;-320.75;3.645807237186331e-06
2879;-3149.856358987304;3936.6795310577263;-362.4166666666667;1.8585039290859858e-05
2880;-3149.856358987304;3936.6795310577263;-320.75;1.222225379850893e-06
2886;-3130.1426262056284;3905.977211341762;-362.4166666666667;2.4206552977234723e-05
2887;-3130.1426262056284;3905.977211341762;-320.75;1.2342755259401174e-05
2893;-3110.428893423953;3875.2748916257983;-362.4166666666667;2.0451848501025864e-05
2894;-3110.428893423953;3875.2748916257983;-320.75;1.7848925562303625e-05
2900;-3090.7151606422776;3844.5725719098346;-362.4166666666667;1.4867832230734798e-05
2901;-3090.7151606422776;3844.5725719098346;-320.75;2.0309621010780473e-05
2907;-3071.0014278606022;3813.8702521938712;-362.4166666666667;1.0001351827992466e-06
2908;-3071.0014278606022;3813.8702521938712;-320.75;1.4941961112760689e-05
2913;-3051.287695078927;3783.167932477907;-404.0833333333333;1.1846770390729711e-06
2914;-3051.287695078927;3783.167932477907;-362.4166666666667;4.721699342521339e-06
2915;-3051.287695078927;3783.167932477907;-320.75;1.7446323292010555e-05
2920;-3031.5739622972515;3752.4656127619432;-404.0833333333333;1.6336311679967985e-06
2921;-3031.5739622972515;3752.4656127619432;-362.4166666666667;2.0098092398136823e-05
2922;-3031.5739622972515;3752.4656127619432;-320.75;1.3378107232128589e-05
3014;-3492.361244322644;4540.606550646491;-279.08333333333337;1.0314026529125635e-06
3021;-3472.647511540969;4509.904230930528;-279.08333333333337;2.5461510890310592e-06
3027;-3452.933778759293;4479.201911214564;-320.75;4.011259057804051e-06
3028;-3452.933778759293;4479.201911214564;-279.08333333333337;6.02581011551751e-06
3034;-3433.2200459776177;4448.499591498599;-320.75;8.148111168647363e-06
3035;-3433.2200459776177;4448.499591498599;-279.08333333333337;3.503451478560391e-06
3041;-3413.5063131959428;4417.797271782636;-320.75;1.0206694896548747e-05
3048;-3393.7925804142674;4387.094952066673;-320.75;7.1745255422333205e-06
3055;-3374.078847632592;4356.3926323507085;-320.75;6.772486398891548e-06
3056;-3374.078847632592;4356.3926323507085;-279.08333333333337;2.0629517773989486e-06
3062;-3354.3651148509166;4325.690312634744;-320.75;4.316972853888506e-06
3063;-3354.3651148509166;4325.690312634744;-279.08333333333337;5.9102349673888915e-06
3069;-3334.651382069241;4294.987992918781;-320.75;1.2983848979906922e-06
3070;-3334.651382069241;4294.987992918781;-279.08333333333337;1.4525632691315043e-05
3076;-3314.937649287566;4264.285673202817;-320.75;1.6293403569137328e-06
3077;-3314.937649287566;4264.285673202817;-279.08333333333337;1.7182417003373346e-05
3083;-3295.2239165058904;4233.583353486853;-320.75;1.909303302308287e-05
3084;-3295.2239165058904;4233.583353486853;-279.08333333333337;1.8924443317762535e-05
3090;-3275.510183724215;4202.881033770889;-320.75;1.3760170841159047e-05
3091;-3275.510183724215;4202.881033770889;-279.08333333333337;7.555221624963818e-06
3097;-3255.7964509425396;4172.178714054926;-320.75;1.4355580381695808e-05
3098;-3255.7964509425396;4172.178714054926;-279.08333333333337;3.5182924841531166e-06
3104;-3236.0827181608643;4141.476394338962;-320.75;2.2375602931009215e-05
3105;-3236.0827181608643;4141.476394338962;-279.08333333333337;2.148128506937589e-07
3111;-3216.3689853791893;4110.774074622998;-320.75;2.372201504111526e-05
3117;-3196.6552525975135;4080.0717549070346;-362.4166666666667;4.711316499862035e-06
3118;-3196.6552525975135;4080.0717549070346;-320.75;1.7599023148671577e-05
3124;-3176.941519815838;4049.3694351910704;-362.4166666666667;1.336687599410402e-05
3125;-3176.941519815838;4049.3694351910704;-320.75;1.676185453440939e-05
3131;-3157.2277870341627;4018.6671154751066;-362.4166666666667;2.4695516626154125e-05
3132;-3157.2277870341627;4018.6671154751066;-320.75;2.5437330067383057e-05
3138;-3137.5140542524873;3987.964795759143;-362.4166666666667;2.633853916227165e-05
3139;-3137.5140542524873;3987.964795759143;-320.75;5.536291270276759e-06
3145;-3117.8003214708124;3957.2624760431795;-362.4166666666667;1.7014054446515066e-05
3146;-3117.8003214708124;3957.2624760431795;-320.75;1.2264603541532435e-06
3152;-3098.0865886891365;3926.5601563272153;-362.4166666666667;2.1048605925463374e-05
3153;-3098.0865886891365;3926.5601563272153;-320.75;8.159355002723115e-06
3159;-3078.372855907461;3895.8578366112515;-362.4166666666667;1.721615158999939e-05
3160;-3078.372855907461;3895.8578366112515;-320.75;1.437698697105578e-05
3166;-3058.659123125786;3865.1555168952877;-362.4166666666667;1.0962639090073472e-05
3167;-3058.659123125786;3865.1555168952877;-320.75;1.8850104476104733e-05
3173;-3038.945390344111;3834.4531971793244;-362.4166666666667;9.895344499156584e-07
3174;-3038.945390344111;3834.4531971793244;-320.75;1.6709509921866334e-05
3179;-3019.2316575624354;3803.7508774633607;-404.0833333333333;1.1288894340903652e-06
3180;-3019.2316575624354;3803.7508774633607;-362.4166666666667;1.4258278818206819e-05
3181;-3019.2316575624354;3803.7508774633607;-320.75;2.410707231623873e-05
3186;-2999.51792478076;3773.0485577473964;-404.0833333333333;1.3660897035522015e-06
3187;-2999.51792478076;3773.0485577473964;-362.4166666666667;2.673801409332316e-05
3188;-2999.51792478076;3773.0485577473964;-320.75;1.9628553693453672e-05
3321;-3342.022810116101;4376.975577336161;-320.75;2.232282113728328e-07
3336;-3302.5953445527502;4315.570937904234;-279.08333333333337;2.6242847604392334e-06
3342;-3282.881611771075;4284.8686181882695;-320.75;2.8111130980405567e-06
3343;-3282.881611771075;4284.8686181882695;-279.08333333333337;5.15816271438597e-06
3349;-3263.1678789893995;4254.166298472306;-320.75;7.016402208414212e-06
3350;-3263.1678789893995;4254.166298472306;-279.08333333333337;7.029285556001298e-06
3356;-3243.454146207724;4223.463978756342;-320.75;5.858962267911456e-06
3357;-3243.454146207724;4223.463978756342;-279.08333333333337;5.868930211335968e-06
3363;-3223.7404134260487;4192.761659040379;-320.75;6.997678469158972e-06
3364;-3223.7404134260487;4192.761659040379;-279.08333333333337;3.190832035675036e-06
3370;-3204.0266806443733;4162.059339324414;-320.75;1.1568944788363333e-05
3376;-3184.3129478626984;4131.357019608451;-362.4166666666667;6.245342407774782e-07
3377;-3184.3129478626984;4131.357019608451;-320.75;1.2600232053574793e-05
3383;-3164.5992150810225;4100.654699892488;-362.4166666666667;5.043874723302782e-06
3384;-3164.5992150810225;4100.654699892488;-320.75;9.42607212772984e-06
3390;-3144.885482299347;4069.952380176523;-362.4166666666667;1.4246122302217547e-05
3391;-3144.885482299347;4069.952380176523;-320.75;1.0050971779420118e-05
3397;-3125.1717495176717;4039.2500604605593;-362.4166666666667;1.594582362233387e-05
3398;-3125.1717495176717;4039.2500604605593;-320.75;1.597257080207864e-05
3404;-3105.4580167359964;4008.5477407445956;-362.4166666666667;1.7311804767096446e-05
3405;-3105.4580167359964;4008.5477407445956;-320.75;4.25552949123344e-06
3411;-3085.7442839543214;3977.8454210286322;-362.4166666666667;1.0933661253719226e-05
3418;-3066.0305511726456;3947.143101312668;-362.4166666666667;1.20406741829382e-05
3419;-3066.0305511726456;3947.143101312668;-320.75;2.2372306139830774e-06
3425;-3046.31681839097;3916.4407815967043;-362.4166666666667;8.125601797977012e-06
3426;-3046.31681839097;3916.4407815967043;-320.75;6.507471057160884e-06
3432;-3026.6030856092952;3885.7384618807405;-362.4166666666667;3.6844735942186478e-06
3433;-3026.6030856092952;3885.7384618807405;-320.75;1.0705365454591231e-05
3438;-3006.88935282762;3855.036142164777;-404.0833333333333;3.1091565492555374e-07
3439;-3006.88935282762;3855.036142164777;-362.4166666666667;2.099563119744033e-06
3440;-3006.88935282762;3855.036142164777;-320.75;1.1519271226647948e-05
3446;-2987.1756200459445;3824.333822448813;-362.4166666666667;1.9495461456399295e-05
3447;-2987.1756200459445;3824.333822448813;-320.75;2.0201044571326016e-05
3453;-2967.461887264269;3793.631502732849;-362.4166666666667;1.523540901920111e-05
3454;-2967.461887264269;3793.631502732849;-320.75;2.042771502134782e-05
3636;-3171.970643127882;4182.642284309868;-320.75;1.162635270773366e-06
3642;-3152.2569103462065;4151.939964593905;-362.4166666666667;9.60499327726834e-07
3643;-3152.2569103462065;4151.939964593905;-320.75;2.8674549523682367e-06
3649;-3132.543177564531;4121.2376448779405;-362.4166666666667;2.6460270618004503e-06
3650;-3132.543177564531;4121.2376448779405;-320.75;2.6494929633731877e-06
3656;-3112.8294447828557;4090.5353251619763;-362.4166666666667;5.587266380140373e-06
3657;-3112.8294447828557;4090.5353251619763;-320.75;3.730318684019741e-06
3663;-3093.1157120011803;4059.8330054460125;-362.4166666666667;6.626698866169727e-06
3664;-3093.1157120011803;4059.8330054460125;-320.75;6.636783762564874e-06
3670;-3073.401979219505;4029.1306857300488;-362.4166666666667;7.792391246895124e-06
3671;-3073.401979219505;4029.1306857300488;-320.75;2.949674978664793e-06
3677;-3053.6882464378295;3998.4283660140854;-362.4166666666667;4.791635948927907e-06
3684;-3033.974513656154;3967.726046298121;-362.4166666666667;4.1965038517125615e-06
3691;-3014.2607808744788;3937.0237265821575;-362.4166666666667;2.2141856799054733e-06
3692;-3014.2607808744788;3937.0237265821575;-320.75;1.5161748654964583e-06
3699;-2994.5470480928034;3906.3214068661937;-320.75;3.859238858643111e-06
3705;-2974.833315311128;3875.6190871502304;-362.4166666666667;3.3047269648587947e-06
3706;-2974.833315311128;3875.6190871502304;-320.75;6.497128009206118e-06
3712;-2955.1195825294526;3844.916767434266;-362.4166666666667;1.3917064971490365e-05
3713;-2955.1195825294526;3844.916767434266;-320.75;1.2728442926302092e-05
3719;-2935.405849747777;3814.2144477183024;-362.4166666666667;9.782670357015483e-06
3720;-2935.405849747777;3814.2144477183024;-320.75;1.401525385638211e-05
3965;-2962.4910105763124;3926.9043518516464;-320.75;4.876188973030134e-07
3971;-2942.7772777946375;3896.202032135683;-362.4166666666667;3.112239902970421e-06
3972;-2942.7772777946375;3896.202032135683;-320.75;2.4649397009221647e-06
3978;-2923.063545012962;3865.499712419719;-362.4166666666667;6.2803451151029315e-06
3979;-2923.063545012962;3865.499712419719;-320.75;5.137856080138357e-06
3985;-2903.3498122312863;3834.797392703755;-362.4166666666667;4.77197784420623e-06
3986;-2903.3498122312863;3834.797392703755;-320.75;6.673947749472882e-06
1342;-3901.5485300200207;4754.834397609375;-237.41666666666669;1.4224301674539878e-06
1404;-3724.1249349849422;4478.513520165701;-279.08333333333337;5.198372479651544e-07
1671;-3692.0688974684517;4499.096465151154;-237.41666666666669;1.7253887915953726e-06
1951;-3620.585394388609;4458.274770704679;-237.41666666666669;1.6718075489777874e-06
2074;-3265.7382043184525;3905.6330158173314;-362.4166666666667;3.3979830634979486e-07
2117;-3147.4558076284;3721.419097521549;-320.75;3.023676258261728e-07
2229;-3549.1018913087673;4417.453076258204;-320.75;2.487098458557986e-07
2314;-3312.537097928663;4049.025239666639;-279.08333333333337;2.0500449390509982e-07
2544;-3379.049724320548;4223.119783231911;-320.75;1.4795154024480272e-06
2607;-3201.62612928547;3946.798905788237;-320.75;3.5096505347594683e-07
2614;-3181.9123965037948;3916.0965860722736;-320.75;7.375865659578219e-07
2906;-3071.0014278606022;3813.8702521938712;-404.0833333333333;1.7305831717443444e-07
3020;-3472.647511540969;4509.904230930528;-320.75;5.143254019134116e-07
3110;-3216.3689853791893;4110.774074622998;-362.4166666666667;2.0876595489818804e-07
3133;-3157.2277870341627;4018.6671154751066;-279.08333333333337;7.09275315956888e-07
3698;-2994.5470480928034;3906.3214068661937;-362.4166666666667;3.218869948048077e-07
3943;-3021.6322089213386;4019.011310999538;-362.4166666666667;1.7089242806493652e-07
3950;-3001.918476139663;3988.308991283574;-362.4166666666667;6.748645056157053e-07
1355;-3862.12106445667;4693.429758177448;-279.08333333333337;9.466043252278572e-07
1760;-3435.7903713066717;4099.966308843625;-320.75;5.836578025052518e-07
2342;-3233.6821668019616;3926.215960802784;-279.08333333333337;1.7390568253151045e-07
2483;-3556.4733193556267;4499.440660675586;-237.41666666666669;5.03893611431592e-07
2608;-3201.62612928547;3946.798905788237;-279.08333333333337;1.880803916880243e-07
2640;-3103.057465377093;3793.2873072084185;-404.0833333333333;1.6458596729314294e-07
3172;-3038.945390344111;3834.4531971793244;-404.0833333333333;1.6951532697279318e-07
