T Z1 Z2 Z3 Z4 Z5
5 1.28029079515714 30.9146669274085 67.8050422774344 1.54533408352995E-19 1E-38
5.05217301207786 1.14025640923934 29.114340321048 69.7454032697126 2.73325954841585E-19 1E-38
5.10489042879358 1.01535100218211 27.3951284903926 71.5895205074252 4.78865359532933E-19 1E-38
5.15815793079311 0.903424088955686 25.7465911510394 73.3499847600049 8.3374859549771E-19 1E-38
5.21198125799767 0.803291358193968 24.170760646981 75.0259479948251 1.44274684467362E-18 1E-38
5.26636621022229 0.713844847107855 22.668794582779 76.6173605701131 2.48154307001067E-18 1E-38
5.32131864780076 0.634053812704538 21.2410662896462 78.1248798976493 4.24299399808713E-18 1E-38
5.37684449221714 0.562964369923777 19.8872587966037 79.5497768334725 7.21245106388009E-18 1E-38
5.43294972674379 0.499698070945496 18.6064590639328 80.8938428651217 1.21896903944563E-17 1E-38
5.48964039708615 0.443449608512133 17.3972498255882 82.1593005658997 2.04851746339311E-17 1E-38
5.54692261203421 0.393483824564122 16.2577969778781 83.3487191975578 3.42341880491097E-17 1E-38
5.60480254412074 0.349132196172621 15.1859310097566 84.4649367940708 5.68968420062896E-17 1E-38
5.66328643028643 0.309788955971248 14.1792214725369 85.5109895714918 9.4049538146919E-17 1E-38
5.72238057255198 0.274906986109369 13.2350439202696 86.490049093621 1.54630922829057E-16 1E-38
5.78209133869716 0.243993604921823 12.3506391109365 87.4053672841417 2.52892651835741E-16 1E-38
5.84242516294699 0.216606345420662 11.5231645435379 88.2602291110415 4.11437145403159E-16 1E-38
5.90338854666508 0.192348805393467 10.7497386219029 89.0579125727037 6.65922568217685E-16 1E-38
5.96498805905417 0.170866631046192 10.0274778901264 89.8016554788274 1.07231103224513E-15 1E-38
6.02723033786404 0.151843680186186 9.35352788577973 90.4946284340341 1.7179751467773E-15 1E-38
6.09012209010673 0.134998397111403 8.72508821471135 91.1399133881772 2.73862624923067E-15 1.89670750439956E-38
6.15367009277929 0.120080419694842 8.13943247427009 91.7404871060351 4.34397893954907E-15 5.44282307947685E-38
6.21788119359404 0.106867429549102 7.59392364830721 92.2992089221437 6.85645448636421E-15 1.54516001917314E-37
6.28276231171647 0.0951622484660674 7.08602557448903 92.8188121770449 1.07692388546692E-14 4.33974968224671E-37
6.34832043851077 0.0848905560158583 6.61680706005607 93.298302383928 1.6734636177473E-14 1.18974390884325E-36
6.41456263829328 0.0758273598830656 6.18190126905297 93.7422713710639 2.57930191617928E-14 3.20237726386403E-36
6.48149604909366 0.067764700209322 5.77656362877382 94.1556716710168 3.96010379381337E-14 8.54671712922843E-36
6.54912788342406 0.0605903504488429 5.39886278027713 94.540546869274 6.05676560757609E-14 2.26175379546117E-35
6.61746542905633 0.0542046138981629 5.04697018768832 94.8988251984134 9.22816319792896E-14 5.93500346522574E-35
6.68651604980733 0.0485189734290978 4.71915911816155 95.2323219084092 1.40068273668117E-13 1.54431534610139E-34
6.75628718633242 0.0434548735411198 4.41380269492543 95.5427424315332 2.11798693976833E-13 3.98473404215792E-34
6.82678635692723 0.0389426248001706 4.12937122675596 95.8316861484436 3.19061259820409E-13 1.01957537994328E-33
6.89802115833782 0.0349204207754294 3.86442898771451 96.1006505915096 4.78850389030321E-13 2.58704308338496E-33
6.96999926657928 0.0313334578302493 3.61763059434839 96.3510359478206 7.15991184678248E-13 6.50967632750808E-33
7.04272843776287 0.0281331485118498 3.38771710378517 96.5841497477019 1.06660623277911E-12 1.62440041214412E-32
7.11621650893177 0.0252764197706981 3.17351193518432 96.8012116450434 1.58305213676136E-12 4.01985878320494E-32
7.19047139890561 0.0227250877882797 2.97391669868408 97.0033582135253 2.34091994915137E-12 9.86547717870912E-32
7.26550110913374 0.0204453017726847 2.78790700011009 97.1916476981138 3.44892146611766E-12 2.4011547191199E-31
7.34131372455745 0.0184070496732261 2.6145282760779 97.3670646742438 5.06279339541074E-12 5.79591090617289E-31
7.41791741448119 0.0165837193518132 2.45289170250202 97.5305245781388 7.40477136798153E-12 1.38748135875718E-30
7.49532043345286 0.0149517093181774 2.30217020969852 97.6828780809725 1.07907518662865E-11 3.29412873337206E-30
7.57353112215326 0.0134900836799914 2.16159462902181 97.8249152872825 1.56680195384184E-11 7.75649781033307E-30
7.65255790829489 0.0121802664720317 2.03044998911145 97.9573697443939 2.26674310608536E-11 1.81136483620644E-29
7.7324093075301 0.011005771007568 1.90807197415637 98.0809222548034 3.26752931570663E-11 4.19531458230199E-29
7.81309392436865 0.0099519603386087 1.79384355194507 98.1962044876694 4.69319518465976E-11 9.63705673831085E-29
7.89462045310496 0.00900583531920283 1.68719177571183 98.3038023889018 6.71664498392831E-11 2.19557513898492E-28
7.97699767875496 0.00816286239138595 1.58831558878789 98.4035215487253 9.54709134636345E-11 4.92448376168254E-28
8.06023447800272 0.00741269556250951 1.49679728892013 98.4957900153827 1.34653509978466E-10 1.08503519919534E-27
8.14433982015697 0.00673535807424357 1.41104852959079 98.5822161121456 1.8937484930448E-10 2.37510641078723E-27
8.22932276811762 0.00612347346365992 1.33068565724843 98.6631908690223 2.65574720225929E-10 5.16511783031856E-27
8.31519247935235 0.00557043714407446 1.25535115109896 98.7390784113856 3.71374976101931E-10 1.11593005101608E-26
8.40195820688335 0.00507033372645272 1.18471187207497 98.8102177936807 5.17847107997237E-10 2.39527197198333E-26
8.48962930028444 0.00461786331327264 1.11845741799014 98.8769247179766 7.20037175674796E-10 5.10781600681355E-26
8.5782152066885 0.00420827579148557 1.05629858059612 98.9394931426141 9.98329858717822E-10 1.08213025424231E-25
8.66772547180552 0.00383731225462917 0.997965900024481 98.9981967863406 1.38025780910126E-9 2.27766029744066E-25
8.75816974095114 0.0035011527771963 0.943208311960535 99.0532905333594 1.90289368555064E-9 4.7628250552814E-25
8.84955776008607 0.00319636984794683 0.891791882840976 99.1050117446951 2.61600194987257E-9 9.89481412003814E-25
8.94189937686621 0.00291988684381409 0.843498628376512 99.1535814811935 3.58617781516441E-9 2.04229735398053E-24
9.03520454170387 0.00266894099320203 0.798125410761524 99.199205643343 4.90226422624871E-9 4.18793136034514E-24
9.12948330883993 0.00244105033753936 0.755482910032905 99.2420760329471 6.68241754009181E-9 8.5319880492708E-24
9.22474583742728 0.00223398425364149 0.715394665170808 99.2823713414923 9.08329241403991E-9 1.72691842167432E-23
9.32100239262554 0.00204573714736662 0.677696180687217 99.3202580698535 1.23119408017295E-8 3.47268225931868E-23
9.41826334670719 0.00187450497181911 0.642234094616871 99.3558913837701 1.66411742572673E-8 6.93794107668378E-23
9.51653918017524 0.00171866426148479 0.608865404005104 99.3894159093041 2.2429329294121E-8 1.37711161409063E-22
9.61584048289259 0.0015767534076584 0.577456744172693 99.420966472274 3.01456097805801E-8 2.71569659909509E-22
9.71617795522314 0.00144745593078314 0.54788371822687 99.4506687854399 4.04024669626453E-8 5.32068424503617E-22
9.81756240918485 0.00132958553225967 0.520030273476397 99.4786400869945 5.39968267413316E-8 1.03568664121704E-21
9.92000476961477 0.00122207273225338 0.493788121595315 99.50498973371 7.19623968404392E-8 2.00292365651839E-21
10.0235160753463 0.00112436023848355 0.469148573161949 99.5297269710971 9.55024950978786E-8 3.83555453959099E-21
10.1281074803986 0.00103629631521233 0.446194520413408 99.5527690574426 1.25828781125527E-7 7.22062263512465E-21
10.2337902551788 0.000955587204973592 0.424499145419869 99.574545101963 1.65412208544224E-7 1.35232333818304E-20
10.3405757876959 0.000881586490254389 0.40398802692585 99.5951301696248 2.16959045119578E-7 2.51968457566618E-20
10.4484755847886 0.000813707023406792 0.384591395701635 99.6145946133452 2.83929750717691E-7 4.67059125097932E-20
10.5575012733647 0.000751415295713322 0.36624383229221 99.6330043816739 3.70738144248615E-7 8.61306818866808E-20
10.6676646016542 0.000694226357483487 0.348883984798338 99.6504213058442 4.83000015325471E-7 1.58017258047745E-19
10.7789774404751 0.000641699233959698 0.332454305372184 99.6669033675512 6.27842592275608E-7 2.88411135607687E-19
10.8914517845129 0.000593432787442206 0.316900804191451 99.6825049487324 8.14288686009881E-7 5.23697660133197E-19
11.0050997536127 0.000549061981094968 0.302172819753402 99.6972770645333 1.05373218886589E-6 9.46042337245283E-19
11.1199335940853 0.000508254504425569 0.288222804403654 99.7112675805669 1.36052499024332E-6 1.70020798410178E-18
11.2359656800272 0.000470707724497205 0.27500612408394 99.7245214154922 1.75269935619337E-6 3.03987179093988E-18
11.3532085146533 0.000436145930577102 0.262480871348753 99.7370807298662 2.25285449608542E-6 5.40717474775469E-18
11.4716747316448 0.000404317843196797 0.250607690762502 99.7489851021528 2.88924150250173E-6 9.56858322490577E-18
11.5913770965103 0.000374994361534422 0.239349615847048 99.7602716927042 3.69708720531826E-6 1.6845625059577E-17
11.7123285079613 0.000347966525662395 0.228671916804208 99.7709753964653 4.7202048399891E-6 2.95045525525879E-17
11.8345419993025 0.000323043672566764 0.21854195828915 99.7811289850904 6.01294791268203E-6 5.14106967662157E-17
11.9580307398356 0.000300051766965214 0.208929066558871 99.7907632391008 7.64257337592517E-6 8.91211200850376E-17
12.082808036279 0.00027883188985408 0.199804405365059 99.7999070706537 9.69209133618487E-6 1.53698842912921E-16
12.2088873342013 0.000259238869423746 0.191140860003019 99.8085876374364 1.22636911286635E-5 2.63708114951877E-16
12.3362822194702 0.000241140040516007 0.18291292896789 99.8168304481437 1.54828478415956E-5 4.50131531906398E-16
12.4650064197166 0.000224414120174984 0.175096622706419 99.824659459944 1.95032293729539E-5 7.64396217471319E-16
12.595073805814 0.000208957927873887 0.167671360913625 99.8320951744927 2.45066658041825E-5 1.29071670842731E-15
12.7264983933724 0.000194808338596108 0.160652674985741 99.8391219418491 3.05748265418403E-5 2.14494297315804E-15
12.8592943442497 0.000181691880093121 0.153974694588402 99.8458055348947 3.80786367725119E-5 3.55001840415416E-15
12.9934759680767 0.000169528554934777 0.147619298627426 99.8521638319212 4.73408964149185E-5 5.85161268982749E-15
13.1290577237999 0.00015824486979502 0.141569400564666 99.8582136016625 5.87529030210893E-5 9.60618019436943E-15
13.2660542212389 0.000147773284116782 0.135808885957833 99.8639705527189 7.27880391372927E-5 1.57056581663593E-14
13.4044802226609 0.00013805170723216 0.130322553939316 99.8694493765087 9.00178446738507E-5 2.55736002752257E-14
13.5443506443718 0.000129023039543021 0.125096062377207 99.8746637835989 0.000111130984342739 4.14722869232047E-14
13.6856805583229 0.000120634753776734 0.120115876478746 99.8796265331884 0.0001369555789515 6.69814479968031E-14
13.8284851937356 0.000112838512702329 0.115369220612315 99.8843494554401 0.000168485434765481 1.07741139957976E-13
13.9727799387418 0.000105589820027646 0.110844033138984 99.8888434662631 0.000206910777708108 1.72599341916752E-13
14.1185803420429 9.88477015014336E-5 0.106528924058448 99.8931185740605 0.000253654179265708 2.75376758270316E-13
14.2659021145844 9.25744135190776E-5 0.102413135287137 99.89718387785 0.000310412448951092 4.37568498650327E-13
14.4147611312496 8.67351767792742E-5 0.0984865033983691 99.9010475560598 0.000379205364337692 6.92461238589802E-13
14.5651734325697 8.12979327642099E-5 0.0947394246656427 99.9047168451863 0.000462432214186051 1.09137894969756E-12
14.7171552264524 7.62331210197838E-5 0.0911628222607166 99.9081980073734 0.00056293724310633 1.7131144970488E-12
14.8707228899287 7.15134753972569E-5 0.0877481154678912 99.9114962858466 0.000684085207441341 2.67810711372266E-12
15.0258929709172 6.71138375852155E-5 0.0844871907850756 99.9146158469918 0.00082984838133465 4.16965621872029E-12
15.1826821900077 6.3010986412562E-5 0.0813723747907475 99.9175597077276 0.00100490648876559 6.46551796759281E-12
15.3411074422624 5.91834815409249E-5 0.0783964086638729 99.9203296466637 0.00121476118092191 9.9847494382862E-12
15.501185799037 5.56115202897273E-5 0.0755524242512907 99.9229260973855 0.0014658668275701 1.53568377416552E-11
15.6629345098199 5.22768064504201E-5 0.0728339215839861 99.9253480220414 0.00176577954464887 2.35232428608008E-11
15.826371004091 4.91624300491464E-5 0.0702347477501595 99.9275927632476 0.00212332653632859 3.58858592833026E-11
15.9915128932001 4.61982545216492E-5 0.0676515099203177 99.9297611495333 0.00254114223770385 5.41213474753773E-11
16.1583779722641 4.34278322102345E-5 0.0651778114312338 99.9317434443883 0.00303531626703259 8.12566607141432E-11
16.3269842220852 4.08456987093959E-5 0.0628236342058388 99.9335150977257 0.00362042224818689 1.21598781601526E-10
16.497349811088 3.84379362512294E-5 0.0605825153441249 99.9350668875797 0.00431215895855433 1.81375790652057E-10
16.6694930972774 3.61917260987345E-5 0.0584483770499776 99.9363866930343 0.00512873792001213 2.69655450989532E-10
16.8434326302166 3.40952567955302E-5 0.0564155018257701 99.937459152943 0.00609124957479533 3.99593865407297E-10
17.0191871530264 3.21376404416245E-5 0.0544785093493007 99.938265275853 0.0072240765670479 5.90212035784155E-10
17.1967756044044 3.03088362634313E-5 0.052632334911385 99.9387819962339 0.00855535914952643 8.68914113357071E-10
17.3762171206662 2.85995808154082E-5 0.0508722093014806 99.938981671742 0.0101175181007052 1.27504367601994E-9
17.557531037807 2.70013242131416E-5 0.049193640037089 99.9388315158727 0.0119478409011492 1.86488712153465E-9
17.7407368935856 2.55061718540581E-5 0.0475923938403849 99.9382929599961 0.0140891372729389 2.71868661144904E-9
17.9258544296295 2.41068311328475E-5 0.0460644802726664 99.9373209384215 0.0165904705242537 3.95043264633153E-9
18.1129035935621 2.27965627046464E-5 0.0446061364437764 99.9358630898185 0.019507971453566 5.72148629073001E-9
18.3019045411525 2.15691358905895E-5 0.0432138127197504 99.9338588680417 0.0229057418431719 8.25945678886585E-9
18.4928776384872 2.04187878578774E-5 0.0418841593575427 99.9312385551734 0.0268568547969984 1.18842623297009E-8
18.6858434641646 1.93401862404807E-5 0.0406140140009023 99.9279221694311 0.0314444593377405 1.70439694379868E-8
18.8808228115128 1.83283948973087E-5 0.0394003899762729 99.9238182605089 0.0367629967560132 2.43638904921226E-8
19.0778366908298 1.73788425324822E-5 0.0382404653320594 99.9188225849324 0.0429195361794646 3.47135838121115E-8
19.2769063316479 1.64872939275059E-5 0.0371315725687439 99.9128166541593 0.0500352366801194 4.92979286212243E-8
19.4780531850209 1.56498235579307E-5 0.0360711890111761 99.9056661484468 0.0582469429380141 6.97804413833161E-8
19.6812989258359 1.48627913877432E-5 0.0350569277779529 99.8972191899812 0.0677089209998489 9.84495901501859E-8
19.8866654551491 1.41228206534314E-5 0.0340865293061319 99.8873044694501 0.07859473998092 1.38442210926082E-7
20.0941749025451 1.33946478754219E-5 0.0330737600762575 99.8759437118922 0.0909689401556553 1.93227967739527E-7
20.3038496285221 1.26999433869838E-5 0.0320766016422887 99.8628241258453 0.105086304159208 2.68409795580697E-7
20.5157122269013 1.20515223580656E-5 0.0311341272505387 99.8476105595598 0.121242889834145 3.71833109502387E-7
20.7297855272613 1.14459149614768E-5 0.0302431793000482 99.8300364819684 0.139708379106691 5.13709874827724E-7
20.9460925973984 1.08799348117644E-5 0.029400809685693 99.8098034139481 0.160784188637833 7.07793587885789E-7
21.164656745812 1.03506538977915E-5 0.0286042639769968 99.7865778142378 0.184806598579564 9.72551771678953E-7
21.3855015242166 9.85537985631714E-6 0.0278509667829459 99.7599877495044 0.212150095625995 1.33270676435052E-6
21.6086507300795 9.39163535589034E-6 0.0271385081993567 99.7296193498775 0.243230929034208 1.82125362022534E-6
21.8341284091848 8.95713938423244E-6 0.0264646312444936 99.6950130549321 0.278510874590179 2.48209380338452E-6
22.0619588582252 8.54979025360022E-6 0.0258272201970047 99.6556596595305 0.318501197021546 3.37346066498184E-6
22.2921666274195 8.16765015768228E-6 0.0252242897579669 99.6109961742176 0.363766796015191 4.57235908252853E-6
22.5247765231583 7.80893113062797E-6 0.0246539749659498 99.5604015211188 0.414930514685132 6.18029900788189E-6
22.7598136106771 7.47198227407483E-6 0.0241145218006364 99.5031920935868 0.472677581957048 8.33067323256305E-6
22.9973032167571 7.1552781317192E-6 0.0236042784167369 99.4386172162927 0.537760151796447 1.1198215971279E-5
23.2372709324543 6.8574081032396E-6 0.0231216869557681 99.365854552128 0.61100189242438 1.50110837578162E-5
23.4797426158574 6.57706680039655E-6 0.0226652758888221 99.2840055132468 0.693302567570771 2.00662268392106E-5
23.7247443948739 6.31304525802234E-6 0.0222336528487638 99.1920907458653 0.785642539369463 2.67488712393127E-5
23.9723026700455 6.0642229215114E-6 0.0218254979154421 99.0890457720543 0.88908710869465 3.55571126747819E-5
24.2224441173932 5.82956034042525E-6 0.0214395573225179 98.9737168866602 1.00479059361949 4.71328374176049E-5
24.4751956912916 5.60809250503231E-6 0.0210746375594479 98.8448574235627 1.13400003034945 6.23004358701089E-5
24.7305846273736 5.39892276909797E-6 0.0207295998470569 98.7011245225305 1.27805836363393 8.21150656896506E-5
24.9886384454649 5.20121730808518E-6 0.0204033549699973 98.541076545682 1.43840697557477 0.000107922555898123
25.2493849525498 5.0184347758192E-6 0.0201104641932943 98.3632895280235 1.61645379293359 0.000141196414829211
25.5128522457674 4.8488614590701E-6 0.0198472002158029 98.1661506443024 1.81381337837189 0.00018392824842335
25.7790687154392 4.68734181736996E-6 0.0195961671506662 97.9478070699845 2.03235310598562 0.000238969537415705
26.0480630481286 4.53335779835656E-6 0.0193565928006691 97.706414583305 2.27391462194502 0.000309668591502979
26.3198642297316 4.38642261491188E-6 0.0191277182532522 97.4400323286913 2.54043534287851 0.000400223754298342
26.5945015486007 4.24607864932607E-6 0.0189087960295509 97.1466279753003 2.83394310146811 0.000515881123368728
26.8720045987006 4.11189556198218E-6 0.0186990885493497 96.8240849810283 3.15654864546634 0.000663173060472414
27.1524032827975 3.98346859243683E-6 0.0184978669399145 96.4702121988387 3.51043574628984 0.000850204462985976
27.4357278156808 3.86041704149198E-6 0.0183044102182747 96.0827560496763 3.89784868511846 0.00108699456993691
27.7220087274193 3.74238292330639E-6 0.0181180048771054 95.6594154631666 4.32107690670755 0.00138588286578488
28.011276866651 3.62902977678017E-6 0.0179379449036538 95.1978597520298 4.78243666564944 0.00176200838736403
28.303563403907 3.52004162536205E-6 0.0177635322588962 94.6957495371233 5.28424953818487 0.00223387239130693
28.5988998349707 3.4151220740834E-6 0.0175940778400528 94.1507607760555 5.82881773613253 0.00282399484980899
28.8973179842714 3.31399353203508E-6 0.0174289029434974 93.5606118686622 6.41839623884746 0.00355967555334102
29.1988500083137 3.21639654769769E-6 0.0172673412368028 92.9230937173185 7.05516185440268 0.0044738706454986
29.5035283991424 3.12208924355834E-6 0.0171087412380733 92.2361025099662 7.74117943157682 0.00560619512966845
29.811385987844 3.03084683535261E-6 0.0169524692878399 91.4976748708927 8.47836556777113 0.00700406120151449
30.1224559480843 2.94246122013572E-6 0.0167979129838078 90.7060248919938 9.26845029144953 0.00872396111163088
30.4367717996832 2.85674061629908E-6 0.0166444850319547 89.8595824201339 10.1129373364987 0.0108329015948443
30.7543674122264 2.77350923771145E-6 0.0164916274494062 88.9570318403113 11.0130637640522 0.0134099946778415
31.0752770087154 2.69260698349022E-6 0.0163388160358609 87.9973504669199 11.9697598175593 0.0165482068779809
31.3995351692552 2.61388912461291E-6 0.0161855650119849 86.9798455447318 12.9836100109234 0.0203562654436395
31.7271768347801 2.54185569935218E-6 0.0160602254425493 85.9066997428563 14.0523029650013 0.0249345248441628
32.0582373108196 2.48036644820317E-6 0.0159893818864862 84.7810650003613 15.1725612858319 0.0303818515539249
32.3927522713021 2.41876070302197E-6 0.015907676900582 83.5980445340952 16.3491346165983 0.0369107536452359
32.7307577623993 2.35706399351692E-6 0.0158148912321769 82.3584380795605 17.5810344903431 0.044710181800214
33.0722902064103 2.2953119598713E-6 0.0157108789304843 81.0634866225517 18.8668037455438 0.0539964576620725
33.4173864056867 2.23355004681086E-6 0.0155955726151028 79.7148801821483 20.2045058749081 0.0650161367784881
33.7660835465976 2.1718330151172E-6 0.0154689875818666 78.3147576964797 21.5917221590883 0.0780489850171304
34.1184192035373 2.11022427162323E-6 0.0153312245691818 76.8656985375221 23.0255570819958 0.0934110456886364
34.4744313429741 2.04879502511366E-6 0.0151824710430831 75.3707054412297 24.5026522672789 0.111457771653341
34.834158327541 1.9876232820293E-6 0.015023000902975 73.8331789260698 26.0192088912584 0.13258719414551
35.19763892017 1.92679270208368E-6 0.0148531725605306 72.2568835723704 27.5710182303385 0.157243097937819
35.5649122882689 1.86639133948549E-6 0.0146734253991005 70.645906830803 29.1534997066533 0.185918170753301
35.9360180079417 1.80651030008217E-6 0.0144842746773404 69.0046113042511 30.7617455211389 0.21915709342239
36.3109960682534 1.74724234811591E-6 0.0142863049955499 67.3375816873292 32.3905707243921 0.257559536040722
36.6898868755391 1.68868049820301E-6 0.0140801624933593 65.6495677380526 34.0345673866429 0.30178302413061
37.0727312577576 1.63091662850086E-6 0.0138665459901462 63.945424785887 35.6881613998636 0.352545637342594
37.4595704688917 1.57404014980213E-6 0.0136461973126139 62.2300533429671 37.3456703843369 0.410628501343235
37.8504461933927 1.51813676259295E-6 0.0134198910757354 60.5083393785271 39.001361181234 0.476878031026413
38.2454005506728 1.46328733011903E-6 0.0131884241929255 58.7850967430407 40.6495054895817 0.552207879897323
38.6444760996434 1.40956689048938E-6 0.0129526053888598 57.0650130949202 42.2844323438167 0.637600546307382
39.0477158433013 1.35704382512991E-6 0.0127132449745921 55.3526004991492 43.9005763167019 0.734108582130518
39.4551632333624 1.30577919482147E-6 0.0124711451209803 53.6521516466357 45.4925205589448 0.842855343519287
39.8668621749441 1.25672733601727E-6 0.0122357621122995 51.9816679887202 47.0415993820837 0.964495610356506
40.2828570312961 1.2142557281665E-6 0.0120507695111674 50.4148170959368 48.4760470227393 1.09708389755708
40.703192628581 1.17230247619612E-6 0.0118588977441854 48.8618714094534 49.8811125712535 1.24515594924652
41.1279142607047 1.13093643848138E-6 0.0116607968342653 47.3254207335137 51.2527828063617 1.41013453235392
41.5570676941969 1.09022037200525E-6 0.0114571099522006 45.8078538615089 52.5871631313818 1.59352480693676
41.9906991731429 1.05021078468319E-6 0.0112484681977386 44.3113503323165 53.8804869715118 1.79691317776315
42.4288554241666 1.01095788156126E-6 0.0110354859789122 42.8378756327169 55.1291227201288 2.02196515021758
42.8715836614656 9.72505598299335E-7 0.010818757032758 41.3891796638987 56.3295785519474 2.27042205461555
43.3189315918989 9.34891713946188E-7 0.0105988511122065 39.9667982322041 57.4785054843681 2.54409649742379
43.7709474201278 8.98148033984778E-7 0.0103763113467621 38.5720572793196 58.5726991161529 2.84486639503271
44.2276798538097 8.62300633961407E-7 0.0101516522689857 37.2060795349294 59.6091005040548 3.17466744644615
44.6891781088475 8.27370153685202E-7 0.00992535848505205 35.8697932547565 60.5847966529664 3.53548390642186
45.155491914692 7.93372131956574E-7 0.00969788395589903 34.5639426977772 61.4970210937561 3.92933753113869
45.6266715197014 7.60317372012772E-7 0.00946965184578413 33.2890999968807 62.3431550056594 4.35827458529674
46.1027676965555 7.28212328317834E-7 0.00924105488733986 32.0456780857795 63.12072930758 4.8243508235408
46.5838317477265 6.97059505927572E-7 0.00901245620637273 30.8339443599936 63.827428095753 5.32961439098752
47.069915511008 6.66857864383062E-7 0.00878419054550517 29.6540347697005 64.4610937448952 5.87608662800095
47.5610713651 6.3760321888894E-7 0.0085565658231308 28.5059680657459 65.0197339173279 6.46574081349981
48.0573522352535 6.09288632381201E-7 0.00832986496284947 27.3896599459242 65.5015306408864 7.10047893893796
48.5588115989735 5.819047929549E-7 0.00810434792838585 26.3049368757371 65.9048515232585 7.78210667117123
49.0655034917815 5.55440371982956E-7 0.00788025389981993 25.2515493854293 66.2282630695609 8.51230673566968
49.5774825130381 5.29882359097088E-7 0.00765780352864231 24.2291846725894 66.4705459636958 9.29261103030382
50.0948038318267 5.05216371010056E-7 0.00743720121160926 23.2374783666366 66.6307120650147 10.1243718619208
50.6175231928979 4.8331709307065E-7 0.00724668699141406 22.3474991983988 66.6610104680693 10.9842431632234
51.1456969226768 4.62062047895332E-7 0.00705617089074529 21.4803203405708 66.6166941569498 11.8959288695266
51.6793819353323 4.41356180166796E-7 0.00686446257346733 20.6322935952975 66.4992465105574 12.8615949902155
52.21863573891 4.21202646122266E-7 0.00667181586933848 19.8034744140648 66.3078627358829 13.8819906129802
52.7635164415292 4.01604200224249E-7 0.0064784921006782 18.9939247434939 66.0420133822087 14.9575829805925
53.3140827576441 3.82563219616319E-7 0.00628476034482074 18.2037142033791 65.7014697760331 16.0885308776797
53.870394014371 3.64081711664056E-7 0.00609089743873782 17.4329204827227 65.2863278011186 17.2746604546383
54.4325101578812 3.46161305095257E-7 0.00589718770003742 16.6816289464388 64.797029262249 18.5154442574509
55.0004917598604 3.28803225729685E-7 0.00570392234575168 15.9499314650983 64.2343800608274 19.8099842229252
55.5744000240355 3.12008258262572E-7 0.00551139859884021 15.2379245010415 63.5995644287042 21.1569993596473
56.1542967927703 2.95776696019643E-7 0.0053199184819407 14.5457065057111 62.8941545162905 22.5548187637397
56.7402445537289 2.80108281014171E-7 0.00512978730827382 13.8733747043254 62.1201147133103 24.0013805149477
57.3323064466094 2.65002136988561E-7 0.00494131189036495 13.2210213640644 61.2798001949298 25.4942368641133
57.9305462699476 2.50456698393577E-7 0.00475479849790513 12.5887296598134 60.3759493299991 27.0305659612329
58.5350284879914 2.36469638430548E-7 0.00457055060613508 11.9765692661863 59.4116697572182 28.6071901895197
59.1458182376478 2.2303779934192E-7 0.00438886648507479 11.3845918151784 58.390418122791 30.2206009725078
59.7629813355014 2.10157128074882E-7 0.00421003668724385 10.8128263646103 57.3159736715174 31.866989717028
60.3865842849067 1.97822620259421E-7 0.00403434149678923 10.2612750230339 56.1924060830772 33.5422843545694
61.0166942831542 1.86028275140841E-7 0.00386204840582317 9.72990887174408 55.0240381366767 35.2421907571451
61.6533792287114 1.74767063699341E-7 0.00369340968406738 9.21866431406025 53.8154039605294 36.9622381409592
62.2967077285396 1.64030911693786E-7 0.00352866010553631 8.7274399665204 52.5712037688965 38.6978274404466
62.946749105486 1.53810698807175E-7 0.00336801489107198 8.25609418677082 51.2962561011092 40.4442815434182
63.6035734057546 1.44382271428629E-7 0.00321796015146513 7.82048995397613 50.0086846019244 42.1676073395657
64.2672514064533 1.3547000716785E-7 0.00307308301910267 7.40585509995594 48.7044660594903 43.8866056220647
64.9378546232213 1.26975737608904E-7 0.0029315996836642 7.0070495374714 47.3840742621905 45.6059444736787
65.6154553179349 1.18893113540201E-7 0.00279371333388334 6.62405535542646 46.0517704433182 47.3213803690284
66.3001265064943 1.11214704233297E-7 0.00265960417188135 6.25680609052806 44.7117603157429 49.0287738783424
66.9919419666918 1.03932056876994E-7 0.00252942849279924 5.90518708140386 43.3681561385143 50.724127247657
67.6909762461613 9.70357691441419E-8 0.00240331812665765 5.56903654798605 42.0249415537364 52.4036184831151
68.397304670412 9.05155729407862E-8 0.00228138023823599 5.24814734320311 40.6859397774294 54.0636314086137
69.1110033509445 8.43604271790563E-8 0.00216369747131448 4.94226930843347 39.3547856045735 55.7007813051613
69.8321491934529 7.85586172964604E-8 0.00205032841528343 4.65111215204062 38.0349015576489 57.3119358833366
70.5608199061116 7.30978592128872E-8 0.00194130836515782 4.37434876186426 36.7294783758619 58.8942314808108
71.2970940079487 6.79654054662574E-8 0.00183665034061481 4.11161885781629 35.4414599145109 60.4450845093668
72.0410508373073 6.31481513885001E-8 0.00173634632587155 3.86253288955566 34.1735324054465 61.9621982955238
72.7927705603947 5.86327393630847E-8 0.00164036869002812 3.62667608627631 32.9281179241654 63.4435655622355
73.5523341799204 5.44056594299574E-8 0.00154867174682639 3.40361257048867 31.7073718195236 64.8874668838352
74.3198235438252 5.04533447591882E-8 0.00146119341346671 3.19288945479289 30.5131837900044 66.2924655113359
75.0953213541006 4.67622607871841E-8 0.00137785692998561 2.99404084946501 29.3471822365599 67.6573990102829
75.8789111757003 4.33189870862626E-8 0.001298572603504 2.80659171865 28.2107414859156 68.9813681795119
76.6706774455453 4.01102913087332E-8 0.00122323954517442 2.63006153354239 27.1049914588277 70.2637237279745
77.4707054816221 3.7123194801339E-8 0.00115174737165478 2.4639676816596 26.0308293534174 71.5040511804282
78.2790814921768 3.43450297180737E-8 0.00108397784720235 2.30782860176773 24.9889329223252 72.7021544637149
79.0958925850039 3.17634876641814E-8 0.00101980644682132 2.16116662387167 23.9797749417224 73.8580385961956
79.9212267768333 2.93926003584785E-8 0.000959939855825974 2.02566349809824 23.0145773463963 74.958799186257
80.7551730028143 2.72052360576672E-8 0.000903775403147891 1.89961685888159 22.08802403127 76.01145530724
81.5978211260995 2.51715108081694E-8 0.000850567012127972 1.78100504703699 21.1920386970622 77.0261056637171
82.4492619475274 2.32820594076858E-8 0.000800204717087593 1.66946661010124 20.3265489666505 78.0031841952491
83.3095872154072 2.15278926881734E-8 0.000752576969809178 1.56464734645672 19.4913667708094 78.9432332842362
84.1788896354055 1.99004086954463E-8 0.000707571477588862 1.466201548442 18.6862003095694 79.8468905506106
85.0572628805353 1.83913995060478E-8 0.000665075956145358 1.37379304486101 17.9106656887607 80.7148761720308
85.9448016012505 1.69930541284025E-8 0.000624978798473556 1.28709605419878 17.1642981215824 81.5479808284273
86.8416014356449 1.56979579373757E-8 0.000587169661993238 1.20579586144031 16.4465626081769 82.3470543450228
87.7477590197575 1.44990890836328E-8 0.000551539977353314 1.12958933245025 15.7568640274852 83.1129950855881
88.6633719979861 1.33898123035512E-8 0.000517983383027979 1.05818528046936 15.0945565948821 83.8467401278757
89.5885390336091 1.23638705336882E-8 0.000486396090405369 0.991304699486494 14.4589526561215 84.5492562359377
90.5233598194169 1.14153747076058E-8 0.000456677184445685 0.92868087911876 13.8493308029172 85.2215316293642
91.4679350884543 1.05387920836482E-8 0.000428728865199548 0.870059415240574 13.2649433081059 85.8645685372495
92.4223666248757 9.7289334213104E-9 0.000402456635553366 0.815198130002659 12.7050228888654 86.4793765147675
93.3867572749126 8.98093929217814E-9 0.000377769440530281 0.763866914127508 12.1687888150464 87.0669664924046
94.3612109579559 8.29026577992192E-9 0.000354579763345615 0.715847503504788 11.6554523864753 87.6283455219663
95.3458326777542 7.65266979316096E-9 0.000332803683214127 0.670933201178082 11.1642218082858 88.1645121792002
96.3407285337283 7.06419418570531E-9 0.000312360899651465 0.628928554847245 10.6943064971281 88.6764525800608
97.3460057324044 6.52115285110137E-9 0.000293174727719265 0.589648999035998 10.2449208536571 89.165136966058
98.3617725989661 6.02011593280448E-9 0.000275172068346011 0.552920470113986 9.81528753822487 89.6315168135727
99.3881385889272 5.55789526783242E-9 0.000258283357525265 0.518579001433827 9.40464028732715 90.0765224223236
100.425214299927 5.13326557316632E-9 0.000242520347193853 0.486692488478511 9.01481792156425 90.4982470644768
101.473111483645 4.74356534808667E-9 0.000227828155637632 0.457137190638344 8.64551590618744 90.897119070275
102.531943057848 4.38356460623088E-9 0.000214027151594569 0.429433972057019 8.2920305066324 91.2783214897754
103.601823118553 4.05103419938574E-9 0.000201065342440436 0.403467704392134 7.95374192398774 91.6425893022267
104.682866952323 3.74390453056635E-9 0.000188893414530028 0.379129935553115 7.63004519761764 91.9906359696708
105.775191048693 3.46025537953194E-9 0.000177464643930815 0.356318580556012 7.32035106963122 92.3231528817086
106.878913112717 3.19830619347449E-9 0.000166734803306518 0.334937615520673 7.02408666095845 92.6408089855193
107.994152077657 2.95640684954345E-9 0.000156662066177089 0.314896776609939 6.74069597886684 92.9442505795006
109.121028117794 2.73302889039429E-9 0.000147206909623347 0.29611126539604 6.46964027446598 93.2341012504953
110.259662661382 2.5267572293619E-9 0.000138332016359066 0.278501461858307 6.21039826744093 93.5109619361577
111.410178403729 2.33628231807557E-9 0.000130002176961013 0.261992645967475 5.96246625395653 93.7754110955627
112.57269932042 2.16039276625374E-9 0.000122184192927326 0.246514728592283 5.72535811239708 94.0280049726573
113.747350680676 1.99796840096652E-9 0.000114846781126742 0.232001992272396 5.49860522036742 94.2692779385811
114.934259060854 1.84797375074988E-9 0.00010796048010452 0.218392842235119 5.28175629519221 94.4997429002446
116.133552358082 1.70945193852602E-9 0.000101497558625001 0.205629567889984 5.07437716901766 94.7198917638243
117.345359804047 1.58151896626462E-9 9.54319267547179E-5 0.193658114912744 4.87605050854982 94.9301959430292
118.569811978914 1.46335837364753E-9 8.97390497231402E-5 0.182427867926552 4.6863754884582 95.1311069031022
119.807040825404 1.35421625262401E-9 8.43958647397765E-5 0.171891443701229 4.50496742653837 95.3230567325414
121.057179663003 1.2533965996131E-9 7.93807008955386E-5 0.162004494719424 4.33145738785512 95.5064587354712
122.320363202337 1.16025698718633E-9 7.46732022325768E-5 0.152725522899712 4.16549176428666 95.6817080384511
123.596727559682 1.07420453730495E-9 7.02542540291946E-5 0.144015703219353 4.00673183515098 95.8491822063014
124.886410271633 9.94692178564177E-10 6.61059123146137E-5 0.135838716942339 3.8548533139209 96.0092418622298
126.189550309926 9.21328742197396E-10 6.22188321747017E-5 0.128184795153379 3.71008109349158 96.1616718916015
127.50628809641 8.53851712986148E-10 5.85911982562893E-5 0.121067576787736 3.57317524302307 96.3056985881371
128.836765518181 7.91413286118368E-10 5.51807165583896E-5 0.114368750112473 3.44190812486442 96.4436679435151
130.181125942872 7.33632540813258E-10 5.19742272706722E-5 0.108062847423325 3.31603871400938 96.5758464636064
131.539514234097 6.80157446930808E-10 4.89593620671547E-5 0.102125971332734 3.19533595876365 96.7024891098614
132.912076767068 6.30662696090105E-10 4.61244984774351E-5 0.096535699618977 3.07957844182966 96.8238397334222
134.29896144436 5.84847690370105E-10 4.34587165881568E-5 0.0912709954317414 2.96855404348088 96.9401315017859
135.700317711856 5.42434677994712E-10 4.09517579962139E-5 0.0863121226141532 2.86205960813672 97.0515873169487
137.116296574846 5.03167025990473E-10 3.85939869320868E-5 0.0816405659032764 2.75990061545495 97.1584202241517
138.547050614301 4.66807620378002E-10 3.63763534696465E-5 0.0772389557745029 2.66189085688547 97.2608338105198
139.992734003311 4.33137385014947E-10 3.42903587376666E-5 0.0730909976999409 2.56785211847459 97.3590225930336
141.453502523705 4.01953910745886E-10 3.23280220479356E-5 0.069181405596502 2.4776138705696 97.4531723954099
142.92951358283 3.73070187031894E-10 3.04818498552087E-5 0.0654958392458108 2.39101296495157 97.5434607135797
144.420926230518 3.4631342872807E-10 2.87448064651246E-5 0.0620208454750246 2.30789333981409 97.6300570695581
145.927901176222 3.21523991150407E-10 2.71102864075547E-5 0.0587438028950772 2.22810573291009 97.7131233535869
147.450600806335 2.98554367023665E-10 2.55720883945886E-5 0.0556528700005974 2.15150740310361 97.7928141545088
148.989189201686 2.77268259329252E-10 2.41243907843767E-5 0.0527369364436663 2.0779618604893 97.869277078399
150.543832155224 2.57539724476494E-10 2.27617284743123E-5 0.0499855773015998 2.00733860517698 97.9426530555354
152.114697189881 2.39252380602761E-10 2.14789711494885E-5 0.0473890101669855 1.93951287478276 98.0130766358399
153.701953576623 2.22298676167901E-10 2.02713028149342E-5 0.0449380548961971 1.87436540061874 98.0806762729599
155.305772352691 2.0657921434711E-10 1.9134202542815E-5 0.0426240958604996 1.81178217253174 98.1455745971986
156.926326340035 1.92002129044396E-10 1.80634263685056E-5 0.0404390465516027 1.75165421230538 98.2078886775246
158.56379016393 1.78485428442767E-10 1.70552528836443E-5 0.0383763426870272 1.69391574661459 98.267690855267
160.218340271797 1.6600179063622E-10 1.61106287844118E-5 0.0364472799576753 1.63917162798642 98.3243649812611
161.890154952216 1.54411612810813E-10 1.5220054735148E-5 0.0346218266988701 1.58646230942746 98.3789006436645
163.579414354138 1.4364970088769E-10 1.43803591938289E-5 0.0328941410787558 1.53570641038541 98.431385068033
165.286300506295 1.33655691210532E-10 1.3588559896841E-5 0.0312587223693483 1.48682592932234 98.4819017596148
167.01099733682 1.24373688905038E-10 1.28418524941503E-5 0.0297103906033459 1.43974610470862 98.5305306627112
168.753690693058 1.15751933418416E-10 1.21375998596129E-5 0.028244267448731 1.39439528118701 98.5773483136486
170.5145683616 1.07742489207621E-10 1.14733220379252E-5 0.0268557582299533 1.35070478078477 98.6224279875555
172.293820088516 1.00300959693711E-10 1.08466867916834E-5 0.0255405350283502 1.30860877904598 98.6658398391386
174.0916375998 9.33862227379771E-11 1.0255500713915E-5 0.0242945207981319 1.26804418595178 98.707651037656
175.90821462203 8.69601860241231E-11 9.69770087327453E-6 0.0231138744377967 1.22895053149325 98.7479258962811
177.743746903244 8.09875608502289E-11 9.1713469608438E-6 0.0219949767601925 1.19126985575959 98.7867259960523
179.598432234034 7.54356529452036E-11 8.67461390915467E-6 0.0209344173076455 1.15494660340261 98.8241103046004
181.472470468856 7.02741690275068E-11 8.20578495566155E-6 0.0199289819616297 1.1199275223388 98.8601352898443
183.36606354757 6.54750379194304E-11 7.76324512441565E-6 0.0189756412993344 1.0861615665496 98.8948550288405
185.279415517198 6.10122451190074E-11 7.3454751011635E-6 0.0180715396522517 1.05359980284216 98.9283213119695
187.21273255391 5.68616798137554E-11 6.95104547847829E-6 0.0172139848245005 1.02219532143368 98.9605837426395
189.166222985243 5.30009933966819E-11 6.57861134885686E-6 0.0164004384310767 0.991903150224208 98.9916898326804
191.140097312549 4.9409468615626E-11 6.2269072249789E-6 0.0156285068185652 0.962680172625351 99.0216850935994
193.13456823368 4.6067898552355E-11 5.89474226751279E-6 0.0148959325330493 0.93448504881406 99.0506131238646
195.149850665901 4.29584746884465E-11 5.58099580199046E-6 0.0142005863020562 0.907278140284097 99.0785156923751
197.186161769058 4.00646833710225E-11 5.28461310734497E-6 0.0135404594993426 0.881021437570089 99.1054328182774
199.243720968971 3.7371210043321E-11 5.00460145972178E-6 0.0129136570631955 0.855678491022476 99.1314028472755
201.322749981082 3.48734088573891E-11 4.74125036967989E-6 0.0123236629168798 0.83153355694238 99.1561380388555
203.423472834344 3.2547781934497E-11 4.49239420244438E-6 0.0117633240216281 0.80823366964765 99.179998513904
205.546115895366 3.03807567315129E-11 4.25702291552543E-6 0.0112302489403968 0.785696168304959 99.2030693257013
207.690907892799 2.8361297657715E-11 4.03438561794832E-6 0.0107230395788747 0.763893822494599 99.2253791035126
209.85807994199 2.64791507721827E-11 3.82377419213786E-6 0.0102403726121444 0.742800435170594 99.2469553684166
212.04786556988 2.47247875620789E-11 3.62452081384209E-6 0.00978099535206541 0.722390802091041 99.2678245780114
214.260500740172 2.30893528160138E-11 3.43599561751204E-6 0.00934372184857413 0.702640672842651 99.2880121692901
216.496223878758 2.15646162914788E-11 3.25760449858427E-6 0.00892742921149038 0.683526713400498 99.307542599762
218.755275899405 2.01429278975502E-11 3.08878704460914E-6 0.00853105414018414 0.665026470165744 99.3264393868869
221.037900229724 1.88171761346645E-11 2.92901458763861E-6 0.00815358964918292 0.647118335425768 99.3447251458916
223.344342837395 1.75807495523429E-11 2.77778837073014E-6 0.00779408197848513 0.629781514182963 99.3624216260326
225.67485225667 1.64275010033893E-11 2.6346378218399E-6 0.00745162767798571 0.612995992299969 99.3795497453678
228.029679615162 1.53517144894631E-11 2.49911892877462E-6 0.00712537085603539 0.596742505911001 99.3961296240987
230.409078660896 1.43480744080643E-11 2.37081270924161E-6 0.00681450058272474 0.581002512050452 99.4121806165398
232.813305789661 1.34116370250005E-11 2.24932377038721E-6 0.00651824843902929 0.565758160451635 99.4277213417721
235.242620072632 1.25378040093959E-11 2.13427895254428E-6 0.00623588620346148 0.550992266470113 99.4427697130349
237.697283284287 1.17222978803303E-11 2.02532605222045E-6 0.00596672366835963 0.536688285087734 99.4573429659061
240.17755993062 1.09611392253287E-11 1.92213261965145E-6 0.00571010657839546 0.522830285954874 99.4714576853232
242.683717277639 1.02506255612408E-11 1.82438482652048E-6 0.00546541468431355 0.509402929430047 99.4851298314906
245.216025380164 9.58731171759106E-12 1.73178639970446E-6 0.0052320599053178 0.496391443577442 99.4983747647213
247.774757110933 8.96799163132324E-12 1.64405761715236E-6 0.00500948459390168 0.483781602084412 99.5112072692551
250.360188190001 8.38968145004698E-12 1.56093436223184E-6 0.00479715989727712 0.471559703062283 99.5236415760977
252.972597214452 7.85062474990447E-12 1.48234423979872E-6 0.00459562780587604 0.459807661553246 99.5355952282888
255.612265688419 7.34742101351691E-12 1.40791618097971E-6 0.00440363366882698 0.448445605182277 99.5471493532254
258.279478053422 6.87717468820242E-12 1.3373422076535E-6 0.00422021980328092 0.437414883771099 99.5583635590765
260.974521719011 6.43768404148549E-12 1.27041722210938E-6 0.00404498168604895 0.42670487535917 99.5692488725311
263.697687093743 6.02689712467439E-12 1.20694730728569E-6 0.00387753472831084 0.416305323409582 99.5798159349088
266.449267616472 5.64290141292231E-12 1.14674910436168E-6 0.00371751325630051 0.406206323598581 99.5900750163904
269.229559787971 5.28391417260379E-12 1.08964922561147E-6 0.00356456954572119 0.396398311097015 99.6000360297027
272.038863202878 4.94827350427355E-12 1.03548370049535E-6 0.00341837290699068 0.386872048325352 99.609708543279
274.877480581984 4.63443001319387E-12 9.84097453080634E-7 0.00327860881857537 0.377618613164605 99.6191017939147
277.745717804851 4.34093906286742E-12 9.35343808994917E-7 0.00314497810582184 0.368629387606014 99.62822469894
280.643883942773 4.06645357021401E-12 8.89084030218488E-7 0.0030171961628378 0.359896046823118 99.6370858679259
283.572291292078 3.80971730399676E-12 8.45186876120725E-7 0.00289499221510717 0.351410548650282 99.6456936139439
286.531255407784 3.56955865085807E-12 8.03528189237592E-7 0.00277810862065147 0.343165123452413 99.6540559643952
289.521095137599 3.34488481587953E-12 7.63990504374389E-7 0.00266630020766953 0.335152264371173 99.6621806714273
292.542132656281 3.13467642694896E-12 7.26462679699597E-7 0.00255933364669991 0.327364717933446 99.6700752219541
295.594693500353 2.93798251441686E-12 6.90839548573179E-7 0.00245698685545866 0.319795475008454 99.6777468472936
298.679106603182 2.75391583956199E-12 6.57021590924846E-7 0.0023590484346039 0.312437762100308 99.6852025324407
301.795704330425 2.58164854728011E-12 6.24914623066861E-7 0.00226531713277675 0.305285032963379 99.6924490249866
304.944822515841 2.42040812016263E-12 5.94429504889804E-7 0.00217560133935569 0.29833096052824 99.6994928437005
308.126800497481 2.26947361276238E-12 5.65481863450856E-7 0.00208971860344838 0.291569429126488 99.7063402867859
311.341981154254 2.12817214635411E-12 5.37991832021154E-7 0.00200749517772433 0.284994527003097 99.7129974398252
314.590710942876 1.99587564589967E-12 5.11883803712647E-7 0.00192876558576855 0.278600539105467 99.719470183423
317.873339935197 1.87215621405958E-12 4.87123586420244E-7 0.00185362966718399 0.272417496844649 99.7257283863627
321.190221855931 1.7564165422852E-12 4.63633078861151E-7 0.00178187308320252 0.26643289687233 99.7317847664096
324.541714120767 1.64797782702554E-12 4.41308515784216E-7 0.00171308042940833 0.260604085393421 99.737682392867
327.928177874886 1.54637079909399E-12 4.20090500034683E-7 0.00164712269179039 0.254926590094065 99.7434258671221
331.349978031874 1.45115688331613E-12 3.9992273248285E-7 0.00158387672567833 0.249396077059646 99.7490196462905
334.807483313045 1.36192615794388E-12 3.8075184696227E-7 0.00152322497841498 0.244008346243089 99.7544680480253
338.301066287175 1.27829545179746E-12 3.62527254171369E-7 0.00146505522556666 0.238759327087799 99.7597752551581
341.831103410646 1.19990656970861E-12 3.45200994043562E-7 0.00140926031999178 0.233645074299851 99.764945320178
345.397975068013 1.12642463749233E-12 3.28727596118698E-7 0.00135573795312341 0.228661763764214 99.7699821695539
349.002065612991 1.05753655828166E-12 3.1306394747474E-7 0.00130439042785421 0.223805688599952 99.7748896079072
352.643763409877 9.92949572625242E-13 2.98169167803292E-7 0.00125512444244362 0.219073255349577 99.7796713220378
356.32346087539 9.32389915272791E-13 2.84004491235836E-7 0.00120785088489691 0.214460980297835 99.7843308848119
360.041554520966 8.75601562062499E-13 2.70533154549522E-7 0.00116248463729382 0.209965485915427 99.7888717589132
363.798444995477 8.22345060778575E-13 2.57720291402011E-7 0.00111894438957116 0.205583497423284 99.793297300466
367.594537128408 7.72396440270395E-13 2.45532832264476E-7 0.00107715246228903 0.201311839473191 99.7976107625309
371.430239973479 7.25546192517748E-13 2.3393940974027E-7 0.00103703463793435 0.197147432940704 99.8018152984812
375.305966852723 6.81598322692604E-13 2.22910268974186E-7 0.000998520000338155 0.193087291826427 99.8059139652623
379.222135401024 6.40369462608239E-13 2.12417182873621E-7 0.000961540781804496 0.189128520261893 99.8099097265385
383.179167611118 6.01688043263336E-13 2.02433371878526E-7 0.000926032217569433 0.185268309616377 99.8138054557321
387.17748987907 5.65393522483104E-13 1.92933428031542E-7 0.000891932407227755 0.181503935701132 99.8176039389576
391.217533050218 5.31335663933982E-13 1.83893243113628E-7 0.000859182182783716 0.177832756067674 99.8213078778558
395.299732465598 4.99373864043177E-13 1.75289940623399E-7 0.000827724982999109 0.174252207396811 99.8249198923297
399.424528008859 4.69395119837582E-13 1.67107642806516E-7 0.000797559495500929 0.170770460699393 99.828431812697
403.592364153659 4.41289565568609E-13 1.59330230144858E-7 0.000768676721961196 0.167394422273209 99.8318367416742
407.803690011563 4.14899146323293E-13 1.51924797224496E-7 0.000740906884429695 0.164097618448183 99.8351613227422
412.058959380437 3.90117315757277E-13 1.44873104930775E-7 0.00071420486069307 0.160877995065461 99.8384076552004
416.358630793347 3.66844258032054E-13 1.38157829088448E-7 0.000688527439046182 0.15773355550648 99.8415777788963
420.703167567968 3.4498645589877E-13 1.31762513592817E-7 0.000663833234288737 0.154662358981454 99.8446736760214
425.093037856511 3.24456286913545E-13 1.25671525988418E-7 0.000640082607539881 0.151662518871214 99.8476972728494
429.528714696172 3.05171645926411E-13 1.19870015365191E-7 0.000617237589692182 0.1487322011207 99.8506504414193
434.010676060099 2.87055592110141E-13 1.14343872449061E-7 0.000595261808334872 0.145869622682443 99.8535350011651
438.5394049089 2.70036018911211E-13 1.09079691770532E-7 0.000574120417984443 0.143073050008401 99.8563527204936
443.115389242686 2.54045345413205E-13 1.04064735801144E-7 0.000553780033468415 0.140340797588627 99.8591053183129
447.739122153655 2.39020227703716E-13 9.92869009535917E-8 0.000534208666315472 0.137671226535225 99.8617944655113
452.411101879226 2.24901288929744E-13 9.47346853469028E-8 0.00051537566401219 0.135062743210167 99.8644217863909
457.131831855727 2.11632866814182E-13 9.03971582433778E-8 0.000497251651993239 0.132513797895551 99.8669888600551
461.901820772644 1.99162777487728E-13 8.62639310690111E-8 0.000479808478238278 0.13002288350493 99.8694972217527
466.721582627436 1.87442094566678E-13 8.23251299338422E-8 0.000463019160354834 0.127588534334402 99.8719483641799
471.59163678092 1.76424942478182E-13 7.85713695731802E-8 0.000446857835032161 0.125209324852194 99.8743437387412
476.512508013238 1.66068303100778E-13 7.4993728634867E-8 0.000431299709756549 0.122883868525489 99.8766847567709
481.484726580403 1.56331834849848E-13 7.1583726241767E-8 0.000416321016683748 0.120610816683316 99.8789727907161
486.508828271441 1.47177703395353E-13 6.83332997624508E-8 0.000401898968569163 0.11838885741435 99.8812091752836
491.585354466119 1.3857042325291E-13 6.52347837266168E-8 0.00038801171666107 0.116216714498503 99.8833952085499
496.714852193292 1.30476709539599E-13 6.2280889825214E-8 0.000374638310466727 0.114093146371228 99.8855321530373
501.897874189839 1.22867394516894E-13 5.94656533515202E-8 0.000361768378724552 0.112019899483039 99.8876182726725
507.134978960231 1.15722407328198E-13 5.67869158756257E-8 0.000349428109599292 0.11000999526852 99.8896405198348
512.426730836711 1.09000224076059E-13 5.4231853850769E-8 0.000337533385032914 0.108042523157953 99.8916198892251
517.773700040103 1.02675410269544E-13 5.17946261912444E-8 0.000326067336883285 0.106116495421869 99.8935573854465
523.176462741262 9.67240854877276E-14 4.94696735472753E-8 0.000315013762365012 0.104230949148504 99.8954539876194
528.635601123153 9.11238270117651E-14 4.72517044472836E-8 0.000304357096839349 0.102384945581321 99.89731065007
534.15170344359 8.58535795171488E-14 4.51356821343178E-8 0.000294082387753263 0.100577569475115 99.8991283030014
539.725364098625 8.08935704399359E-14 4.31168120612777E-8 0.000284175269677694 0.0988079284701377 99.9009078531433
545.357183686594 7.62252306556549E-14 4.11905300113936E-8 0.000274621940397282 0.0970751524837399 99.9026501843853
551.04776907284 7.18311201329126E-14 3.93524908121657E-8 0.000265409138005999 0.0953783931190046 99.9043561583904
556.797733455104 6.76948582454875E-14 3.75985576125967E-8 0.000256524118965074 0.093716823089885 99.9060266151925
562.6076964296 6.38010584470593E-14 3.5924791695125E-8 0.000247954637081628 0.0920896356623721 99.9076623737757
568.478284057784 6.01352670317535E-14 3.43274427951242E-8 0.000239688923368201 0.0904960441112169 99.9092642326379
574.410128933814 5.66839057214674E-14 3.28029399022467E-8 0.000231715666745184 0.0889352811917632 99.9108329703385
580.403870252716 5.34342178375928E-14 3.13478825192085E-8 0.000224023995549801 0.0874065986264543 99.9123693460301
586.460153879263 5.03742178302777E-14 2.9959032354865E-8 0.000216603459816932 0.0859092666055819 99.9138740999755
592.579632417569 4.74926439529438E-14 2.86333054296269E-8 0.00020944401429859 0.0844425733018756 99.9153479540505
598.762965281412 4.47789138833437E-14 2.73677645723836E-8 0.000202536002190314 0.0830058243985227 99.9167916122315
605.010818765293 4.2223083105186E-14 2.61596122891771E-8 0.000195870139534168 0.0815983426302398 99.9182057610706
611.323866116229 3.98158058762293E-14 2.50061839848823E-8 0.000189437500269362 0.0802194673370159 99.9195910701565
617.702787606303 3.75482986198816E-14 2.39049415201066E-8 0.000183229501902763 0.0788685540301599 99.920948192563
624.148270605966 3.5412305587738E-14 2.28534670864373E-8 0.000177237891772822 0.0775449739703022 99.9222777652844
630.661009658106 3.34000666502269E-14 2.18494573840271E-8 0.000171454733881586 0.0762481137570088 99.9235804096596
637.241706552892 3.15068542318872E-14 2.08919151115397E-8 0.000165890789787586 0.0749855113433491 99.9248485769749
643.891070403393 2.97228338941268E-14 1.99773916756116E-8 0.000160518260130484 0.0737477846680644 99.9260916770944
650.60981772199 2.80414903440911E-14 1.910385526048E-8 0.000155329376728491 0.0725340007589578 99.9273106507604
657.398672497587 2.64568221412489E-14 1.82694283535179E-8 0.000150317569378058 0.0713436493241888 99.928506014837
664.258366273625 2.49631838196573E-14 1.74723212145942E-8 0.000145476512451242 0.0701762318083312 99.9296782742069
671.189638226908 2.3555264475738E-14 1.67108276938777E-8 0.000140800115465088 0.069031261105438 99.9308279220682
678.193235247258 2.22280676613419E-14 1.59833212525054E-8 0.000136282514026329 0.0679082612794836 99.9319554402231
685.269912017994 2.09768925015111E-14 1.52882511761119E-8 0.000131918061136033 0.0668067672919864 99.9330612993586
692.420431097256 1.9797315961381E-14 1.46241389717105E-8 0.000127701318839465 0.0657263247366211 99.9341459593204
699.645563000175 1.86851761913861E-14 1.3989574938899E-8 0.00012362705020707 0.0646664895806307 99.9352098693796
706.946086281902 1.76365568843543E-14 1.33832149068124E-8 0.000119690211633056 0.0636268279128622 99.9362534684923
714.322787621498 1.66477725822129E-14 1.28037771286712E-8 0.000115885945438629 0.0626069156982396 99.9372771855525
721.776461906712 1.57153548739128E-14 1.22500393261874E-8 0.000112209572767483 0.0616063385385143 99.9382814396387
729.307912319628 1.48360394298099E-14 1.17208358764681E-8 0.000108656586761641 0.060624691439115 99.9392666402533
736.917950423215 1.40067538211523E-14 1.12150551344333E-8 0.000105222646006276 0.0596615785819426 99.940233187557
744.60739624878 1.3224606076511E-14 1.07316368841023E-8 0.00010190356823258 0.0587166131039463 99.9411814725962
752.37707838433 1.24868739299849E-14 1.02695699124436E-8 9.86953242682291E-5 0.0577894168813308 99.9421118775248
760.227834063861 1.17909947188126E-14 9.82788969978903E-9 9.5594032225416E-5 0.0568796203192433 99.9430247758206
768.16050925757 1.1134555890654E-14 9.40567622111752E-9 9.25959519168461E-5 0.0559868621467962 99.9439205324956
776.175958763016 1.05152860832611E-14 9.00205185279118E-9 8.96974794904777E-5 0.0551107892172832 99.9447995043012
784.275046297234 9.93104674157294E-15 8.61617937960041E-9 8.68951422741958E-5 0.054251056313452 99.9456620399281
792.458644589801 9.3798242394247E-15 8.24726009722502E-9 8.41855938219386E-5 0.0534073259576981 99.9465084802012
800.727635476879 8.86013380247909E-15 7.89488017977104E-9 8.15720807896688E-5 0.0525833789241634 99.9473350411002
809.082909996242 8.36980550905036E-15 7.55799688917584E-9 7.90457918605801E-5 0.0517754103087161 99.9481455363414
817.525368483287 7.90703683033605E-15 7.2358124610718E-9 7.66017745680661E-5 0.0509818484083355 99.9489415425813
826.055920668055 7.47025570585431E-15 6.92767211658279E-9 7.42372320188128E-5 0.0502024110174461 99.9497233448228
834.675485773256 7.05798101990042E-15 6.63295081663293E-9 7.19494660592505E-5 0.0494368218838122 99.9504912220172
843.384992613325 6.66881726908469E-15 6.35105188629523E-9 6.97358736701483E-5 0.0486848105751557 99.9512454472001
852.185379694506 6.30144954658738E-15 6.08140570387809E-9 6.75939434969374E-5 0.0479461123489186 99.9519862876262
861.077595315982 5.95463882408441E-15 5.8234684516514E-9 6.55212525104988E-5 0.0472204680250905 99.9527140048989
870.062597672061 5.6272175134594E-15 5.57672092526811E-9 6.3515462793381E-5 0.0465076238620257 99.9534288550985
879.14135495543 5.31808529150211E-15 5.34066739907656E-9 6.15743184465959E-5 0.0458073314351782 99.9541310889057
888.314845461478 5.02620517181719E-15 5.11483454465778E-9 5.96956426123432E-5 0.0451193475186802 99.9548209517239
897.584057693719 4.75059980912239E-15 4.89877040004946E-9 5.78773346082002E-5 0.0444434339696987 99.9554986837969
906.94999047031 4.49034802201552E-15 4.69204338724121E-9 5.61173671684724E-5 0.0437793576154975 99.9561645203253
916.413653031675 4.24458152113411E-15 4.49424137564397E-9 5.44137837885982E-5 0.0431268901431422 99.9568186915788
925.976065149263 4.01248183042231E-15 4.30497078934583E-9 5.2764696168637E-5 0.0424858079917818 99.9574614230071
935.638257235432 3.7932773899644E-15 4.12385575607331E-9 5.11682817520407E-5 0.041855892247445 99.9580929353469
945.401270454483 3.58624082954196E-15 3.95053729587726E-9 4.96227813560583E-5 0.0412369285402874 99.9587134447278
955.266156834853 3.3906864027272E-15 3.78467254765826E-9 4.81264968902606E-5 0.0406287069442355 99.9593231627742
965.233979382477 3.20596757193979E-15 3.6259340317369E-9 4.6677789159812E-5 0.0400310218789621 99.9599222967059
975.305812195334 3.03147473547319E-15 3.47400894676117E-9 4.52750757502552E-5 0.0394436720141416 99.9605110494361
985.48274057919 2.86663308803797E-15 3.32859849932542E-9 4.39168289906913E-5 0.0388664601759285 99.9610896196665
995.765861164542 2.7109006068792E-15 3.18941726475297E-9 4.26015739923669E-5 0.038299193255603 99.961658201981
1006.15628202479 2.56384269257844E-15 3.05626738276418E-9 4.13297130755558E-5 0.0377433161377775 99.9622153510929
1016.65512279565 2.42493350161355E-15 2.92884794623421E-9 4.00989402501084E-5 0.0371978748323136 99.9627620232986
1027.26351479578 2.29366291427343E-15 2.80685571769425E-9 3.89065998006035E-5 0.0366615014825322 99.9632995891108
1037.9826011487 2.1696048999313E-15 2.6900548644435E-9 3.77514414768111E-5 0.0361340309509071 99.9638282149176
1048.81353690597 2.05235751261031E-15 2.57821999591182E-9 3.6632257199946E-5 0.0356153013322531 99.9643480638323
1059.75748917165 1.94154151166281E-15 2.47113569304477E-9 3.55478795931811E-5 0.0351051538866017 99.9648592957627
1070.81563722809 1.83679906243133E-15 2.36859605925742E-9 3.4497180564909E-5 0.0346034329735453 99.9653620674773
1081.98917266294 1.73779251219697E-15 2.27040429195206E-9 3.34790699427941E-5 0.034109985988012 99.9658565326716
1093.27929949763 1.64420323700077E-15 2.17637227364308E-9 3.24924941567498E-5 0.0336246632974391 99.966342842032
1104.68723431706 1.55573055518476E-15 2.08632018177744E-9 3.15364349690406E-5 0.033147318180315 99.9668211432984
1116.21420640072 1.47209070374604E-15 2.00007611638206E-9 3.06099082497734E-5 0.0326778067660567 99.9672915813256
1127.86145785513 1.39301587382833E-15 1.9174757447106E-9 2.97119627961131E-5 0.0322159879761942 99.9677542981435
1139.63024374769 1.31825330189327E-15 1.83836196210101E-9 2.88416791936187E-5 0.0317617234668302 99.9682094330156
1151.52183224196 1.24756441331805E-15 1.76258456829215E-9 2.79981687181514E-5 0.031314877572348 99.9686571224964
1163.53750473426 1.18072401535849E-15 1.68999995848381E-9 2.7180572276875E-5 0.0308753172503389 99.9690975004874
1175.67855599177 1.11751953659723E-15 1.62047082845733E-9 2.63880593869133E-5 0.0304429120277215 99.9695306982924
1187.94629429206 1.05775031016695E-15 1.5538658931066E-9 2.56198271902887E-5 0.0300175339480236 99.9699568446709
1200.34204156405 1.00122689819828E-15 1.49005961775967E-9 2.48750995038203E-5 0.0295990575198057 99.9703760658906
1212.86713353047 9.4777045509248E-16 1.42893196170033E-9 2.41531259027024E-5 0.0291873596661954 99.970788485779
1225.52291985177 8.97212127360072E-16 1.37036813332645E-9 2.34531808365372E-5 0.0287823196755097 99.9711942257733
1238.3107642716 8.49392487899923E-16 1.31425835640861E-9 2.27745627766404E-5 0.0283838191529409 99.97159340497
1251.2320447637 8.04161002718039E-16 1.2604976469375E-9 2.21165933934823E-5 0.0279917419732815 99.9719861401728
1264.28815368043 7.61397281495784E-16 1.20901635879915E-9 2.14793782980542E-5 0.0276069069447161 99.972371612468
1277.4804979028 7.20969479275006E-16 1.1597230766729E-9 2.08624275352193E-5 0.0272294252147815 99.9727497111979
1290.81049899207 6.82717395671562E-16 1.11247879095621E-9 2.02639643363786E-5 0.0268577707877569 99.9731219641354
1304.27959334289 6.46522417674227E-16 1.06719676645666E-9 1.96834137315729E-5 0.0264918458509886 99.9734884696681
1317.88923233817 6.12272479290926E-16 1.02379400317419E-9 1.9120219236707E-5 0.0261315543473643 99.9738493244096
1331.64088250539 5.79861695844838E-16 9.82191072805939E-10 1.85738422410424E-5 0.0257768019420014 99.9742046232336
1345.53602567465 5.4919001893375E-16 9.42311962519086E-10 1.80437614155525E-5 0.0254274959895972 99.9745544593067
1359.5761591384 5.20162910872174E-16 9.04083925663958E-10 1.75294721414095E-5 0.0250835455024281 99.9748989241213
1373.7627958127 4.92691037503852E-16 8.67437339114439E-10 1.70304859579024E-5 0.0247448611189857 99.9752381075276
1388.09746440031 4.66689978336514E-16 8.32305566937101E-10 1.65463300291072E-5 0.0244113550732329 99.9755720977644
1402.58170955539 4.42079953011116E-16 7.98624830104072E-10 1.60765466286555E-5 0.0240829411644732 99.9759009814903
1417.21709204996 4.18785563174889E-16 7.66334081977835E-10 1.56206926419737E-5 0.0237595347278132 99.9762248438132
1432.00518894205 3.96735548880869E-16 7.35374889308214E-10 1.51783390853811E-5 0.0234410526052129 99.9765437683203
1446.9475937457 3.75862558687359E-16 7.05691318494082E-10 1.47490706414655E-5 0.0231274131171067 99.9768578371066
1462.0459166026 3.5610293267813E-16 6.77229826873235E-10 1.43324852101674E-5 0.0228185360345863 99.977167130803
1477.30178445566 3.37396497669036E-16 6.49939158814899E-10 1.39281934750304E-5 0.0225143425521328 99.9774717286045
1492.71684122427 3.19686373908895E-16 6.23770246399424E-10 1.35358184840896E-5 0.0222147552608856 99.9777717082969
1508.29274798148 3.02918792622214E-16 5.98676114479636E-10 1.31549952448941E-5 0.0219196981224404 99.9780671462836
1524.03118313296 2.87042923778809E-16 5.74611789927652E-10 1.27853703331705E-5 0.0216290964431609 99.9783581176119
1539.93384259789 2.72010713510603E-16 5.51534214879814E-10 1.24266015146605E-5 0.021342876848998 99.978644695998
1556.00243999168 2.57776730629063E-16 5.29402163800929E-10 1.20783573796733E-5 0.0210609672608027 99.9789269538524
1572.23870681065 2.44298021728164E-16 5.08176164197168E-10 1.17403169899163E-5 0.0207832968701248 99.9792049623047
1588.6443926186 2.31536005436234E-16 4.87821786910956E-10 1.14122990188281E-5 0.0205100024242563 99.9794785847889
1605.2212652353 2.19456093263747E-16 4.68309370251732E-10 1.1094261672837E-5 0.0202414442891174 99.9797474609809
1621.97111092705 2.08014574750697E-16 4.49592057839483E-10 1.0785446818602E-5 0.019976817880734 99.9800123962229
1638.89573459912 1.97177293721482E-16 4.31636877851797E-10 1.04855774517935E-5 0.0197160608810448 99.9802734531099
1655.99695999024 1.86911943272561E-16 4.14412248623421E-10 1.0194385155474E-5 0.0194591120250848 99.9805306931754
1673.27662986914 1.77187964499284E-16 3.97887919103829E-10 9.91160982610097E-6 0.0192059110822076 99.9807841769101
1690.73660623309 1.67976450830275E-16 3.82034911903612E-10 9.63699940850649E-6 0.0189563988376572 99.9810339637809
1708.37877050859 1.59250057655605E-16 3.66825468815577E-10 9.37030963955271E-6 0.0187105170744855 99.981280112249
1726.20502375405 1.50982916952616E-16 3.52232998701377E-10 9.11130380017146E-6 0.0184682085558047 99.9815226797882
1744.21728686469 1.43150556630111E-16 3.38232027639572E-10 8.85975247550773E-6 0.0182294170073721 99.9817617229019
1762.41750077949 1.35729824327292E-16 3.24798151235478E-10 8.61543332289473E-6 0.0179940871004987 99.9819972971414
1780.80762669037 1.28698815418778E-16 3.11907988997748E-10 8.37813084739872E-6 0.017762164435275 99.982229457122
1799.38964625351 1.2203680499104E-16 2.99539140690833E-10 8.14763618468138E-6 0.017533595524109 99.9824582565402
1818.16556180286 1.15724183568805E-16 2.87670144576443E-10 7.92374689093323E-6 0.0173083277755707 99.9826837481899
1837.13739656596 1.09742396382473E-16 2.76280437461122E-10 7.70626673964409E-6 0.0170863094785347 99.9829059839784
1856.30719488191 1.04073885979359E-16 2.65350316470669E-10 7.49500552498136E-6 0.0168674897866185 99.9831250149425
1875.67702242167 9.87020379926454E-17 2.54860902475644E-10 7.28977887155581E-6 0.0166518187029081 99.9833408912634
1895.24896641066 9.36111298924367E-17 2.44794105095649E-10 7.09040805036282E-6 0.0164392470649668 99.9835536622822
1915.02513585368 8.87862825531273E-17 2.35132589213195E-10 6.89671980069292E-6 0.0162297265301212 99.9837633765149
1935.00766176214 8.42134144806519E-17 2.25859742931106E-10 6.70854615781344E-6 0.0160232095610194 99.983970081667
1955.19869738372 7.98791985519399E-17 2.16959646910308E-10 6.52572428622936E-6 0.0158196494114554 99.9841738246473
1975.60041843436 7.57710211271923E-17 2.08417045027662E-10 6.34809631833843E-6 0.0156190001124556 99.9843746515828
1996.21502333276 7.18770786327437E-17 2.00217640526156E-10 6.1755230233365E-6 0.0154212473087065 99.984572576968
2017.04473343723 6.81884509870601E-17 1.9235321282921E-10 6.00810663268468E-6 0.0152269155314443 99.9847670761696
2038.09179328508 6.46914143820384E-17 1.84803121171079E-10 5.84539801236906E-6 0.0150352862338737 99.9849588681833
2059.35847083445 6.13759012439398E-17 1.77554592887427E-10 5.68726038075111E-6 0.0148463189878175 99.9851479935742
2080.84705770875 5.8232378972762E-17 1.70595382509206E-10 5.53356104979722E-6 0.0146599740070807 99.9853344922613
2102.55986944355 5.52518212059637E-17 1.6391374967532E-10 5.38417129919472E-6 0.0144762121367274 99.9855184035281
2124.49924573613 5.24256806419706E-17 1.57498437983946E-10 5.23896625443751E-6 0.014294994842544 99.9856997660337
2146.66755069758 4.97458633379385E-17 1.5133865474208E-10 5.09782476875304E-6 0.0141162842006875 99.9858786178232
2169.06717310752 4.72047044009777E-17 1.45424051574611E-10 4.96062930874618E-6 0.0139400428875125 99.9860549963378
2191.70052667156 4.47949449965326E-17 1.3974470585596E-10 4.82726584364107E-6 0.0137662341695769 99.9862289384248
2214.57005028138 4.25097106018157E-17 1.34291102928916E-10 4.69762373800454E-6 0.0135948218938205 99.9864004803482
2237.6782082775 4.03424904361809E-17 1.29054119076798E-10 4.57159564783898E-6 0.0134257704779151 99.9865696577974
2261.02749071487 3.82871180040947E-17 1.24025005216627E-10 4.44907741993678E-6 0.0132590449007818 99.9867365058978
2284.62041363116 3.63377526899063E-17 1.19195371282336E-10 4.3299679943911E-6 0.013094610693273 99.9869010592195
2308.4595193179 3.44888623469765E-17 1.14557171268407E-10 4.21416931016186E-6 0.0129324339290167 99.9870633517871
2332.54737659443 3.27352068268964E-17 1.10102688905646E-10 4.10158621359877E-6 0.0127724812154191 99.9872234170883
2356.88658108468 3.10718223975099E-17 1.05824523941966E-10 3.99212636982676E-6 0.0126147196848229 99.987381288083
2381.4797554969 2.94940070012901E-17 1.01715579002312E-10 3.88570017690196E-6 0.0124591169858193 99.9875369972123
2406.32954990624 2.79973063082786E-17 9.77690470029088E-11 3.78222068264956E-6 0.0123056412747099 99.9876905764068
2431.43864204036 2.65775005203213E-17 9.39783990961316E-11 3.6816035040979E-6 0.0121542612071169 99.9878420570954
2456.80973756791 2.52305918857115E-17 9.03373731233206E-11 3.58376674942551E-6 0.0120049459297372 99.9879914702132
2482.44557039014 2.39527928856008E-17 8.68399625538284E-11 3.48863094234104E-6 0.0118576650722399 99.98813884621
2508.34890293546 2.274051505566E-17 8.34804058895499E-11 3.3961189488186E-6 0.0117123887393035 99.9882842150583
2534.52252645713 2.15908237192222E-17 8.02549061140696E-11 3.30625423979605E-6 0.011569356786704 99.9884273368788
2560.96926133402 2.05000097177279E-17 7.71563915414594E-11 3.21886597219004E-6 0.0114282792588691 99.988568501798
2587.69195737454 1.94649514030841E-17 7.41795107587075E-11 3.13386808297251E-6 0.0112890840149723 99.9887077820428
2614.69349412372 1.84827667261846E-17 7.13194130294573E-11 3.05119313765789E-6 0.0111517441619432 99.9888452045736
2641.97678117349 1.7550724235542E-17 6.85714439925593E-11 2.97077565840022E-6 0.011016233213299 99.9889807959425
2669.54475847621 1.66662351251768E-17 6.59311375972217E-11 2.89255206573218E-6 0.0108825250826932 99.9891145822993
2697.40039666148 1.58268457066842E-17 6.33942083739497E-11 2.81646062208105E-6 0.0107505940775709 99.9892465893984
2725.54669735626 1.50302302826292E-17 6.09565440271092E-11 2.74244137700611E-6 0.0106204148929288 99.9893768426047
2753.98669350825 1.42741843996639E-17 5.86141983355556E-11 2.67043611410395E-6 0.0104919626051792 99.9895053669001
2782.72344971278 1.3556618460933E-17 5.63633843483411E-11 2.6003882995295E-6 0.0103652126661137 99.9896321868892
2811.76006254303 1.28755516784466E-17 5.42004678630787E-11 2.53224303208276E-6 0.0102401408969684 99.9897573268058
2841.09966088365 1.22291063471462E-17 5.21219611750597E-11 2.46594699481242E-6 0.010116723482586 99.9898808105183
2870.74540626799 1.1615502423381E-17 5.01245170857372E-11 2.40144840808913E-6 0.00999493696567396 99.9900026615358
2900.70049321873 1.10330523914525E-17 4.82049231596683E-11 2.33869698410299E-6 0.00987475824115809 99.9901229030137
2930.96814959212 1.04801564027662E-17 4.63600962194753E-11 2.27764388274077E-6 0.00975616455062845 99.9902415577591
2961.55163692582 9.95529767297225E-18 4.45870770688277E-11 2.21824166880034E-6 0.00963913347687691 99.9903586482369
2992.45425079033 9.45703812326356E-18 4.28830254338777E-11 2.16044427050064E-6 0.00952364293852448 99.9904741965743
3023.67932114412 8.98401425275235E-18 4.12452151139787E-11 2.10420693924721E-6 0.00940967118473691 99.9905882245671
3055.23021269244 8.53493322955171E-18 3.9671029332918E-11 2.04948621061434E-6 0.00929719679002731 99.9907007536841
3087.11032524994 8.10856918885686E-18 3.81579562822566E-11 1.99623986650622E-6 0.00918619864914364 99.9908118050728
3119.32309410693 7.70375972695617E-18 3.67035848487334E-11 1.9444268984606E-6 0.00907665597204043 99.9909213995644
3151.87199039965 7.31940258069706E-18 3.53056005180285E-11 1.89400747205982E-6 0.0089685482789329 99.9910295576783
3184.76052148425 6.95473421556166E-18 3.3962725842474E-11 1.84500306398419E-6 0.00886209877955512 99.9911360561834
3217.99223131475 6.60854743391002E-18 3.26721301735381E-11 1.79733335090406E-6 0.00875712275254362 99.9912410798814
3251.57070082492 6.27976643602337E-18 3.14313082135569E-11 1.75093254841243E-6 0.00865348202982757 99.9913447670062
3285.49954831415 5.96750754431804E-18 3.02383130711406E-11 1.70576594871743E-6 0.00855115862340431 99.9914471355804
3319.78242983736 5.67093236932445E-18 2.90912750434208E-11 1.66179981744656E-6 0.0084501347996702 99.9915482033714
3354.42303959891 5.38924546736954E-18 2.79883985158211E-11 1.61900136570395E-6 0.00835039307566725 99.991647987895
3389.42511035076 5.12169212048551E-18 2.69279589879072E-11 1.57733872294727E-6 0.00825191621538689 99.991746506419
3424.79241379463 4.86755623211291E-18 2.59083002201299E-11 1.53678091066003E-6 0.00815468722613045 99.9918437759671
3460.52876098845 4.62615833250434E-18 2.49278314964819E-11 1.49729781679495E-6 0.00805868935492555 99.9919398133223
3496.63800275702 4.39685368806188E-18 2.39850249983099E-11 1.45886017096597E-6 0.00796390608499687 99.9920346350308
3533.12403010697 4.17903050914367E-18 2.3078413284706E-11 1.42143952036596E-6 0.00787032113229121 99.9921282574051
3569.99077464604 3.97210825116794E-18 2.22065868751066E-11 1.38500820638887E-6 0.00777791844205555 99.9922206965275
3607.24220900674 3.77553600411449E-18 2.13681919299E-11 1.34953934193502E-6 0.00768668218546724 99.9923119682538
3644.88234727439 3.58879096578373E-18 2.05619280250204E-11 1.31500678937934E-6 0.00759659675631573 99.9924020882163
3682.91524541974 3.41137699442004E-18 1.97865460166742E-11 1.28138513918268E-6 0.00750764676773503 99.9924910718273
3721.34500173595 3.24282323653694E-18 1.90408459925049E-11 1.248649689127E-6 0.00741981704898558 99.9925789342823
3760.17575728024 3.08268282600315E-18 1.83236753056525E-11 1.21677642415607E-6 0.00733309264228562 99.992665690563
3799.41169632014 2.9305316506558E-18 1.76339266883141E-11 1.18574199680335E-6 0.00724745879969066 99.9927513554407
3839.05704678431 2.78596718290542E-18 1.69705364415516E-11 1.15552370818987E-6 0.00716290098002015 99.9928359434793
3879.11608071821 2.64860737098284E-18 1.6332482698226E-11 1.12609948957498E-6 0.00707940484583139 99.9929194690383
3919.59311474436 2.51808958765633E-18 1.57187837560696E-11 1.09744788444363E-6 0.00699695626043913 99.993001946276
3960.49251052753 2.39406963341316E-18 1.51284964780274E-11 1.06954803111426E-6 0.00691554128498044 99.9930833891519
4001.81867524474 2.27624160614595E-18 1.45608590040476E-11 1.04239182583907E-6 0.00683519652523624 99.9931637610684
4043.57606206014 2.16428950975203E-18 1.40149649584639E-11 1.01595694371276E-6 0.0067558996512437 99.9932430843778
4085.76917060486 2.05789696704371E-18 1.3489825755774E-11 9.90211388740329E-7 0.0066775845288539 99.9933214252463
4128.40254746193 1.95678529191373E-18 1.29846416366304E-11 9.65136720103045E-7 0.00660023833695312 99.9933987965133
4171.48078665613 1.86068989569746E-18 1.24986440586473E-11 9.40715002127283E-7 0.00652384842970174 99.9934752108428
4215.00853014909 1.76935956771712E-18 1.20310944627387E-11 9.16928790138539E-7 0.00644840233403991 99.9935506807251
4258.99046833944 1.68255579286007E-18 1.15812830887932E-11 8.93761116719856E-7 0.00637388774723013 99.9936252184801
4303.43134056828 1.60005210426875E-18 1.11485278386908E-11 8.7119547836285E-7 0.00630029253443579 99.9936988362589
4348.33593562982 1.52163346932095E-18 1.07321731847471E-11 8.49215822499987E-7 0.00622760472633595 99.9937715460471
4393.70909228747 1.44709570717336E-18 1.03315891217479E-11 8.27806534906879E-7 0.00615581251677451 99.9938433596664
4439.55569979517 1.37624493623263E-18 9.94617016081509E-12 8.06952427463947E-7 0.00608490426044456 99.9939142887772
4485.88069842433 1.30889705000303E-18 9.57533436341244E-12 7.86638726266939E-7 0.00601486847060662 99.9939843448811
4532.68907999608 1.24487721984117E-18 9.21852241387382E-12 7.66851060076167E-7 0.00594569381684031 99.9940535393229
4579.98588841924 1.18401942322474E-18 8.87519672889724E-12 7.47575449094621E-7 0.0058773691228292 99.9941218832928
4627.77622023383 1.12616599621511E-18 8.54484060251625E-12 7.28798294065453E-7 0.00580988336417808 99.994189387829
4676.06522516021 1.07116720886245E-18 8.22695738511796E-12 7.1050636567951E-7 0.00574322566626268 99.9942560638192
4724.85810665405 1.01888086236719E-18 7.92106969513571E-12 6.92686794283908E-7 0.00567738530211017 99.9943219220032
4774.16012246698 9.69171906873697E-19 7.62671866210219E-12 6.75327059883032E-7 0.00561235169031165 99.994386972975
4823.9765852132 9.2191207883033E-19 7.34346319979916E-12 6.58414982423328E-7 0.00554811439296449 99.9944512271847
4874.31286294193 8.76979556905777E-19 7.07087930829459E-12 6.41938712353818E-7 0.00548466311364538 99.9945146949406
4925.17437971584 8.3425863550402E-19 6.80855940370451E-12 6.25886721454244E-7 0.00542198769541268 99.9945773864111
4976.56661619554 7.9363941497023E-19 6.55611167456648E-12 6.10247793923212E-7 0.00536007811883828 99.9946393116268
5028.49511023016 7.55024653159582E-19 6.31321097043879E-12 5.95016357659644E-7 0.00529895908522117 99.9947004458921
5080.96545745406 7.18320583031806E-19 6.07953638791463E-12 5.80186321343205E-7 0.00523865200247907 99.9947607678051
5133.98331188985 6.83416700679562E-19 5.85462268121395E-12 5.65735273077518E-7 0.00517906952692102 99.994820364732
5187.55438655761 6.50223949623967E-19 5.63813731367701E-12 5.51653300593755E-7 0.00512020254235999 99.9948792457987
5241.6844540905 6.18657716191259E-19 5.42976052146354E-12 5.37930756536113E-7 0.00506204205200305 99.9949374200118
5296.37934735682 5.88637606053448E-19 5.22918481729875E-12 5.24558251236996E-7 0.00500457917683108 99.9949948962597
5351.64496008854 5.60087232098094E-19 5.03611451371336E-12 5.1152664569295E-7 0.00494780515400059 99.9950516833143
5407.48724751637 5.32934013048548E-19 4.85026526500542E-12 4.98827044735795E-7 0.00489171133526825 99.9951077898328
5463.91222701148 5.07108982285415E-19 4.67136362717916E-12 4.86450790393377E-7 0.0048362891854375 99.9951632243591
5520.92597873393 4.82546606348525E-19 4.49914663514875E-12 4.74389455434554E-7 0.00478153028082659 99.9952179953252
5578.53464628783 4.59184612625433E-19 4.33336139652238E-12 4.62634837093317E-7 0.00472742630775856 99.9952721110531
5636.74443738334 4.3696382575771E-19 4.17376470130846E-12 4.51178950966838E-7 0.00467396906107185 99.9953255797558
5695.56162450562 4.15828012320637E-19 4.02012264691442E-12 4.40014025082663E-7 0.00462115044265207 99.9953784095393
5754.99254559073 3.95723733354509E-19 3.87221027783132E-12 4.29132494130191E-7 0.00456896245998417 99.9954306084037
5815.04360470856 3.76600204347609E-19 3.72981123942376E-12 4.18526993851866E-7 0.00451739722472482 99.9954821842446
5875.72127275291 3.5840916229127E-19 3.59271744526616E-12 4.08190355589512E-7 0.00446644695129468 99.9955331448548
5937.03208813881 3.411047394471E-19 3.46072875749045E-12 3.98115600981526E-7 0.00441610395549056 99.9955834979255
5998.98265750703 3.24643343484765E-19 3.33365267963018E-12 3.88295936806605E-7 0.0043663606531166 99.9956332510476
6061.57965643604 3.08983543666302E-19 3.2113040614673E-12 3.78724749969922E-7 0.00431720955863484 99.9956824117134
6124.82983016127 2.94085962769546E-19 3.09350481540775E-12 3.69395602627723E-7 0.00426864328383443 99.9957309873175
6188.73999430204 2.79913174458996E-19 2.98008364393028E-12 3.60302227446477E-7 0.00422065453651939 99.9957789851583
6253.31703559594 2.66429605827367E-19 2.87087577767173E-12 3.51438522992772E-7 0.00417323611921482 99.9958264124394
6318.56791264091 2.53602198776114E-19 2.76572977129849E-12 3.42799544088699E-7 0.00412638910596582 99.9958732680917
6384.49965664511 2.41402229939506E-19 2.66452573751726E-12 3.34384200297196E-7 0.00408014592325947 99.9959195196899
6451.11937218456 2.29794053221936E-19 2.56706965328646E-12 3.26180219715968E-7 0.00403444549613132 99.9959652283211
6518.43423796871 2.18748729114027E-19 2.47322110592211E-12 3.1818217935187E-7 0.00398928119316332 99.9960104006222
6586.45150761397 2.08238744490909E-19 2.38284500210036E-12 3.10384798157579E-7 0.00394464646690313 99.9960550431459
6655.17851042537 1.98237941765126E-19 2.29581136415818E-12 3.02782933245628E-7 0.00390053485276622 99.996099162362
6724.62265218632 1.88721451584934E-19 2.2119951342761E-12 2.95371576205234E-7 0.00385693996795282 99.9961427646583
6794.79141595664 1.79665628899317E-19 2.13127598623503E-12 2.88145849519067E-7 0.00381385551037941 99.9961858563416
6865.6923628789 1.71047992220043E-19 2.05353814445133E-12 2.8110100307724E-7 0.00377127525762458 99.9962284436393
6937.33313299317 1.62847165919703E-19 1.97867021000557E-12 2.74232410785779E-7 0.00372919306588901 99.9962705326997
7009.72144606033 1.55042825412884E-19 1.90656499339229E-12 2.67535567267025E-7 0.00368760286896958 99.9963121295935
7082.86510239389 1.4761564507533E-19 1.83711935372823E-12 2.61006084649399E-7 0.00364649867724713 99.9963532403148
7156.7719837005 1.40547248763346E-19 1.77023404416716E-12 2.54639689444082E-7 0.00360587457668783 99.9963938707819
7231.45005392933 1.33820162802656E-19 1.70581356327938E-12 2.48432219506209E-7 0.00356572472785804 99.9964340268382
7306.90736013015 1.27417771322548E-19 1.64376601216325E-12 2.42379621078265E-7 0.00352604336495232 99.9964737142538
7383.15203332053 1.21324273817456E-19 1.58400295706541E-12 2.36477945913395E-7 0.00348682479483448 99.9965129387256
7460.19228936196 1.15524644824062E-19 1.52643929729544E-12 2.30723348476467E-7 0.00344806339609157 99.996551705879
7538.03642984517 1.10004595607682E-19 1.47099313822836E-12 2.25112083220718E-7 0.00340975361810045 99.9965900212683
7616.69284298471 1.04750537757072E-19 1.4175856691974E-12 2.19640501937919E-7 0.003371889980107 99.996627890378
7696.17000452279 9.97495485918911E-20 1.36614104608657E-12 2.14305051180048E-7 0.00333446707031744 99.9966653186233
7776.47647864265 9.49893382918791E-20 1.31658627844034E-12 2.09102269750497E-7 0.00329747954500213 99.9967023113514
7857.62091889134 9.04582186614451E-20 1.26885112091495E-12 2.0402878626291E-7 0.00326092212761111 99.9967388738423
7939.61206911226 8.61450734476746E-20 1.22286796890245E-12 1.99081316765797E-7 0.0032247896079016 99.9967750113096
8022.45876438732 8.20414324782837E-20 1.17859636719116E-12 1.94260626396729E-7 0.00318911013494376 99.9968106956033
8106.16993198903 7.81348378081931E-20 1.13594612318816E-12 1.8955925058926E-7 0.0031538429576237 99.996845967482
8190.75459234241 7.44156609377562E-20 1.09485607827773E-12 1.84973991026253E-7 0.00311898153792734 99.996880833487
8276.22185999703 7.08748446457174E-20 1.05526855786172E-12 1.80501924538579E-7 0.00308452104074717 99.9969152984563
8362.58094460917 6.7503772548654E-20 1.0171280410667E-12 1.76140202884573E-7 0.00305045669044291 99.9969493671683
8449.84115193421 6.42942474939953E-20 9.80381079524197E-13 1.71886050796394E-7 0.00301678377008873 99.9969830443429
8538.01188482939 6.12384710193356E-20 9.44976219243205E-13 1.67736764078174E-7 0.00298349762073029 99.9970163346416
8627.10264426702 5.83290238250609E-20 9.10863925456041E-13 1.63689707754532E-7 0.00295059364065137 99.9970492426687
8717.12303035828 5.55588472099702E-20 8.77996510323461E-13 1.59742314268128E-7 0.00291806728465018 99.9970817729722
8808.0827433877 5.29212254220769E-20 8.4632806338916E-13 1.55892081724905E-7 0.00288591406332491 99.9971139300438
8899.99158485842 5.04097688791714E-20 8.15814384678086E-13 1.52136572185754E-7 0.00285412954236856 99.9971457183202
8992.85945854836 4.80183982160013E-20 7.86412920337288E-13 1.48473410003373E-7 0.00282270934187308 99.9971771421839
9086.69637157743 4.5741329117061E-20 7.58082700721543E-13 1.4490028020306E-7 0.00279164913564232 99.9972082059633
9181.51243548587 4.35730578960537E-20 7.30784280830241E-13 1.41414926906308E-7 0.00276094465051407 99.9972389139338
9277.31786732381 4.15083477850107E-20 7.04479683005235E-13 1.38015151796027E-7 0.00273059166569079 99.9972692703185
9374.12299075222 3.95422158979145E-20 6.79132341803121E-13 1.34698812622278E-7 0.00270058601207898 99.9972992792884
9471.9382371554 3.76699208354189E-20 6.54707050958674E-13 1.31463821747447E-7 0.00267092357163728 99.9973289449639
9570.77414676498 3.58869508989224E-20 6.31169912359279E-13 1.28308144729779E-7 0.00264160027673281 99.9973582714145
9670.64136979571 3.41890128838389E-20 6.08488286953474E-13 1.2522979894427E-7 0.00261261210950594 99.9973872626601
9771.55066759312 3.25720214234111E-20 5.86630747519611E-13 1.22226852239898E-7 0.00258395510124329 99.9974159226713
9873.51291379308 3.10320888558333E-20 5.65567033223421E-13 1.19297421632226E-7 0.00255562533175881 99.9974442553703
9976.53909549353 2.95655155888142E-20 5.45268005896141E-13 1.16439672030432E-7 0.00252761892878291 99.997472264631
10080.6403144384 2.81690102009589E-20 5.25711312924533E-13 1.13653136445749E-7 0.0024999533830649 99.9974999329633
10185.827788214 2.6839011775798E-20 5.06864842369989E-13 1.109349263026E-7 0.00247260704204354 99.9975272820225
10292.1128514575 2.55722638317804E-20 4.88700867203155E-13 1.08282942659371E-7 0.00244556967040299 99.9975543220462
10399.5069570787 2.43657370899902E-20 4.71194428807594E-13 1.05695543481846E-7 0.00241883767344991 99.9975810566305
10508.0216774938 2.32165483581078E-20 4.54321490003548E-13 1.0317112813012E-7 0.00239240749945105 99.997607489329
10617.6687058726 2.2121953437681E-20 4.38058900714594E-13 1.00708136298472E-7 0.00236627563910712 99.9976336236523
10728.4598573987 2.10793403780462E-20 4.22384364925143E-13 9.83050469828129E-8 0.00234043862503296 99.9976594630695
10840.4070705421 2.00862230598411E-20 4.07276408879749E-13 9.59603774749482E-8 0.00231489303124442 99.997685011008
10953.5224083461 1.91402350919065E-20 3.92714350477213E-13 9.36726823829903E-8 0.00228963547265162 99.9977102708543
11067.8180597273 1.82391240061694E-20 3.78678269814184E-13 9.14405526771966E-8 0.00226466260455853 99.9977352459545
11183.3063407884 1.73807457358608E-20 3.65148980834632E-13 8.92626147605749E-8 0.00223997112216879 99.9977599396149
11299.9996961461 1.65630593631567E-20 3.52108004043453E-13 8.71375295636174E-8 0.00221555776009788 99.997784355102
11417.9107002715 1.57841221230015E-20 3.39537540243752E-13 8.50639916625025E-8 0.00219141929189113 99.9978084956438
11537.0520588453 1.50420846505453E-20 3.27420445259209E-13 8.30407284201707E-8 0.00216755252954803 99.9978323644294
11657.4366101272 1.43351864602323E-20 3.1574020560412E-13 8.10664991496549E-8 0.00214395432305225 99.9978559646101
11779.0773263386 1.36617516451809E-20 3.04480915065399E-13 7.9140094299093E-8 0.00212062155990776 99.9978792992997
11901.9873150612 1.30201847860457E-20 2.93627252161932E-13 7.72603346578436E-8 0.00209755116468054 99.9979023715747
12026.1798206491 1.24089670590968E-20 2.83164458448239E-13 7.54260705831565E-8 0.00207474009854619 99.9979251844751
12151.6682256557 1.18266525337463E-20 2.73078317630453E-13 7.36361812468544E-8 0.00205218535884307 99.9979477410047
12278.4660522764 1.12718646502437E-20 2.63355135463971E-13 7.18895739015027E-8 0.00202988397863115 99.9979700441315
12406.586963805 1.07432928687133E-20 2.53981720403256E-13 7.01851831655508E-8 0.00200783302625613 99.9979920967883
12536.0447661065 1.02396894811463E-20 2.4494536497541E-13 6.85219703269577E-8 0.00198602960491935 99.9980139018729
12666.8534091047 9.7600446194923E-21 2.36236159154538E-13 6.68995428530067E-8 0.00196447966424435 99.998035453436
12799.026988285 9.30312840382293E-21 2.27841083158907E-13 6.53166057391842E-8 0.00194317629487219 99.9980567583883
12932.579746214 8.86773506748947E-21 2.19747086453905E-13 6.37717467183562E-8 0.00192211032711479 99.9980778259009
13067.5260740734 8.45284463056547E-21 2.11943274640593E-13 6.22640353194494E-8 0.00190127904822275 99.9980986586875
13203.8805132115 8.05748573826744E-21 2.04419150956938E-13 6.07925641510284E-8 0.00188067977717387 99.9981192594301
13341.6577567096 7.6807333293181E-21 1.97164601641463E-13 5.93564483205731E-8 0.00186030986429396 99.9981396307791
13480.8726509655 7.32170641675809E-21 1.90169881840133E-13 5.79548248685749E-8 0.00184016669088226 99.9981597753541
13621.5401972933 6.97956597574885E-21 1.83425602036057E-13 5.65868522170595E-8 0.00182024766884144 99.9981796957441
13763.6755535398 6.65351293318189E-21 1.76922714982518E-13 5.52517096321679E-8 0.00180055024031211 99.9981993945078
13907.2940357179 6.34278625415857E-21 1.70652503120495E-13 5.39485967004348E-8 0.00178107187731179 99.9982188741739
14052.4111196571 6.04666112064666E-21 1.64606566462554E-13 5.26767328184031E-8 0.00176181008137825 99.9982381372417
14199.0424426709 5.76444719784823E-21 1.58776810925706E-13 5.14353566952407E-8 0.00174276238321726 99.9982571861813
14347.203805242 5.49548698403136E-21 1.53155437096443E-13 5.02237258680137E-8 0.00172392634235453 99.9982760234338
14496.9111727249 5.23915423978388E-21 1.47734929411821E-13 4.90411162292972E-8 0.00170529954679198 99.9982946514119
14648.1806770661 4.99485249284612E-21 1.42508045741064E-13 4.78868215668021E-8 0.00168687961266818 99.9983130725004
14801.0286185428 4.76201361486426E-21 1.37467807352727E-13 4.67601531147084E-8 0.00166866418392283 99.9983312890558
14955.4714675188 4.54009646658599E-21 1.32607489253051E-13 4.56604391164038E-8 0.00165065093196545 99.9983493034075
15111.5258662198 4.3285856081883E-21 1.27920610881653E-13 4.45870243983356E-8 0.00163283755534806 99.9983671178575
15269.2086305264 4.12699007158781E-21 1.23400927151229E-13 4.35392699546834E-8 0.00161522177944176 99.9983847346812
15428.5367517864 3.93484219173909E-21 1.19042419818464E-13 4.2516552542584E-8 0.00159780135611736 99.9984021561272
15589.5273986454 3.75169649406936E-21 1.14839289173778E-13 4.15182642876276E-8 0.0015805740634298 99.9984193844182
15752.1979188969 3.57712863533842E-21 1.10785946038058E-13 4.05438122993675E-8 0.0015635377053065 99.9984364217508
15916.565841352 3.4107465124784E-21 1.06877495425805E-13 3.95927837766507E-8 0.00154669334346004 99.9984532670637
16082.6488777278 3.25216661067683E-21 1.03108827026245E-13 3.86646482572497E-8 0.00153003962283254 99.9984699217124
16250.4649245562 3.10100357334635E-21 9.94741881197061E-14 3.77586040202229E-8 0.00151356953584727 99.9984863927054
16420.0320651121 2.95690848643849E-21 9.59687722362577E-14 3.68741175559686E-8 0.00149728101234713 99.9985026821134
16591.3685713625 2.81954894399316E-21 9.25879466754752E-14 3.60106684196674E-8 0.00148117200600043 99.9985187919832
16764.4929059349 2.68860826270196E-21 8.93272461742388E-14 3.51677489070552E-8 0.00146524049402134 99.9985347243381
16939.423724107 2.56378473404774E-21 8.6182366807052E-14 3.43448637383434E-8 0.00144948447689366 99.9985504811782
17116.179875817 2.44479091221356E-21 8.31491601102946E-14 3.35415297500811E-8 0.00143390197809785 99.9985660644803
17294.7804076946 2.3313529360408E-21 8.02236274221251E-14 3.27572755947597E-8 0.00141849104384134 99.9985814761988
17475.2445651135 2.22320988339988E-21 7.74019144300622E-14 3.19916414479611E-8 0.0014032497427921 99.9985967182655
17657.5917942654 2.12011315641491E-21 7.46803059185537E-14 3.12441787228573E-8 0.00138817616581535 99.9986117925899
17841.841744255 2.02182589606053E-21 7.20552207091551E-14 3.05144497918746E-8 0.0013732684257134 99.9986267010598
18028.0142692179 1.92812242471973E-21 6.95232067862003E-14 2.98020277153433E-8 0.00135852465696866 99.9986414455409
18216.1294304594 1.83878771535955E-21 6.70809366010991E-14 2.91064959769495E-8 0.00134394301548962 99.9986560278779
18406.2074986169 1.75361688604727E-21 6.47252025486878E-14 2.84274482258235E-8 0.00132952167835996 99.9986704498941
18598.2689558435 1.67241471859024E-21 6.24529126092569E-14 2.77644880250896E-8 0.00131525884359059 99.9986847133919
18792.3344980156 1.5949952001423E-21 6.02610861501653E-14 2.7117228606719E-8 0.0013011527298747 99.9986988201528
18988.4250369629 1.52118108667448E-21 5.81468498811293E-14 2.64852926325211E-8 0.00128720157634562 99.9987127719383
19186.5617027215 1.45080348726198E-21 5.61074339575403E-14 2.58683119611206E-8 0.00127340364233772 99.9987265704893
19386.7658458112 1.38370146818879E-21 5.4140168226335E-14 2.52659274207685E-8 0.00125975720715006 99.9987402175269
19589.0590395361 1.31972167592065E-21 5.22424786091773E-14 2.46777885878376E-8 0.00124626056981286 99.9987537147523
19793.4630823088 1.25871797804143E-21 5.0411883617875E-14 2.4103553570858E-8 0.00123291204885676 99.9987670638475
20000 1.20055534820632E-21 4.86461508523606E-14 2.35429606380555E-8 0.00121971198611223 99.9987802644709
