# s, n_e, T_e
0.000000000000000000e+00 8.022982609372860938e+13 2.496388266383823940e+00
1.212121212121212120e-02 7.953542857940185938e+13 2.385733837685819925e+00
2.424242424242424240e-02 7.882321673952070312e+13 2.263827415386329367e+00
3.636363636363636187e-02 7.810240351129110938e+13 2.137502956355708861e+00
4.848484848484848481e-02 7.738156838874057812e+13 2.015068201560247019e+00
6.060606060606060774e-02 7.666819528310460938e+13 1.901292771120606018e+00
7.272727272727272374e-02 7.596783410770520312e+13 1.796730802890914358e+00
8.484848484848485362e-02 7.528456573915893750e+13 1.700365564456207235e+00
9.696969696969696961e-02 7.462135955348789062e+13 1.611052973830405799e+00
1.090909090909090856e-01 7.397975492926756250e+13 1.527800781201236857e+00
1.212121212121212155e-01 7.335999487223428125e+13 1.449875172557424152e+00
1.333333333333333315e-01 7.276132107655042188e+13 1.376727093191794316e+00
1.454545454545454475e-01 7.218429572358812500e+13 1.308324780954244648e+00
1.575757575757575635e-01 7.162704233388315625e+13 1.244232172070012243e+00
1.696969696969697072e-01 7.108810627537996875e+13 1.184173696439218215e+00
1.818181818181818232e-01 7.056645047065356250e+13 1.128011651689257100e+00
1.939393939393939392e-01 7.006075106842437500e+13 1.075573398056128616e+00
2.060606060606060552e-01 6.956827075093110938e+13 1.026364840581195148e+00
2.181818181818181712e-01 6.908969215894370312e+13 9.807656885194646623e-01
2.303030303030303150e-01 6.862230244278905469e+13 9.382894254525184774e-01
2.424242424242424310e-01 6.816468279651418750e+13 8.987414162247759908e-01
2.545454545454545192e-01 6.771589229787302344e+13 8.620263028157277851e-01
2.666666666666666630e-01 6.727569812628992969e+13 8.282587015611564407e-01
2.787878787878788067e-01 6.684266734112511719e+13 7.970811716699518490e-01
2.909090909090908950e-01 6.641579169161878125e+13 7.682028776941618453e-01
3.030303030303030387e-01 6.599442837545614844e+13 7.414147840429724523e-01
3.151515151515151270e-01 6.557800673503385156e+13 7.165018291987194088e-01
3.272727272727272707e-01 6.516602670868276562e+13 6.932564031526483594e-01
3.393939393939394145e-01 6.475805586933742188e+13 6.714887703750174186e-01
3.515151515151515027e-01 6.435372540183318750e+13 6.510328820000599315e-01
3.636363636363636465e-01 6.395272534065552344e+13 6.317476762962691561e-01
3.757575757575757347e-01 6.355479935141668750e+13 6.135150254342877085e-01
3.878787878787878785e-01 6.315973929510559375e+13 5.962357925491930111e-01
4.000000000000000222e-01 6.276737976763037500e+13 5.798252427203740567e-01
4.121212121212121104e-01 6.237759276137725781e+13 5.642086330546834949e-01
4.242424242424242542e-01 6.199028255305822656e+13 5.493174268305611729e-01
4.363636363636363424e-01 6.160538088503349219e+13 5.350863286989134826e-01
4.484848484848484862e-01 6.122284247701191406e+13 5.214512096998601409e-01
4.606060606060606299e-01 6.084264088236889062e+13 5.083479194836630910e-01
4.727272727272727182e-01 6.046476468849241406e+13 4.957119043047332752e-01
4.848484848484848619e-01 6.008942963986194531e+13 4.835072938252924502e-01
4.969696969696969502e-01 5.971672474786035156e+13 4.716547348779384086e-01
5.090909090909090384e-01 5.934646678553928125e+13 4.600506599026641386e-01
5.212121212121212377e-01 5.897868962724957812e+13 4.486335890258746351e-01
5.333333333333333259e-01 5.861342841620982031e+13 4.373495917953983958e-01
5.454545454545454142e-01 5.825071734650878125e+13 4.261528274303027497e-01
5.575757575757576134e-01 5.789092595380114844e+13 4.150063774906675995e-01
5.696969696969697017e-01 5.753438345229683594e+13 4.038715736547293655e-01
5.818181818181817899e-01 5.718064081561471875e+13 3.927305940216853641e-01
5.939393939393939892e-01 5.682972873215435938e+13 3.815801486559095013e-01
6.060606060606060774e-01 5.648166922024028906e+13 3.704207429847000133e-01
6.181818181818181657e-01 5.613740785128371875e+13 3.592615160214033820e-01
6.303030303030302539e-01 5.579661008720886719e+13 3.481242974019190251e-01
6.424242424242424532e-01 5.545889317302772656e+13 3.370226218043803623e-01
6.545454545454545414e-01 5.512425085314514062e+13 3.259679286096152651e-01
6.666666666666666297e-01 5.479380722097961719e+13 3.150024389691969406e-01
6.787878787878788289e-01 5.446723950813739062e+13 3.041457153446461281e-01
6.909090909090909172e-01 5.414389793638068750e+13 2.933917690609076923e-01
7.030303030303030054e-01 5.382374028232195312e+13 2.827461686524105344e-01
7.151515151515152047e-01 5.350890217952795312e+13 2.723070494188968849e-01
7.272727272727272929e-01 5.319742215494524219e+13 2.620117772337587358e-01
7.393939393939393812e-01 5.288916644236500000e+13 2.518581238426036428e-01
7.515151515151514694e-01 5.258554519918937500e+13 2.419185744246727665e-01
7.636363636363636687e-01 5.228622821640437500e+13 2.321905064345915481e-01
7.757575757575757569e-01 5.199007899261403906e+13 2.226226937010951368e-01
7.878787878787878451e-01 5.169810426145578125e+13 2.132713991123632580e-01
8.000000000000000444e-01 5.141094092607746875e+13 2.041828313885253321e-01
8.121212121212121327e-01 5.112679110290410938e+13 1.952644268457967569e-01
8.242424242424242209e-01 5.084663052987995312e+13 1.865755117565851273e-01
8.363636363636363091e-01 5.057127407371029688e+13 1.781786257138759100e-01
8.484848484848485084e-01 5.029869072668132031e+13 1.699566788273196294e-01
8.606060606060605966e-01 5.003019090006220312e+13 1.619982082689438163e-01
8.727272727272726849e-01 4.976595877089976562e+13 1.543336000075755388e-01
8.848484848484848841e-01 4.950419638685691406e+13 1.468445201403774103e-01
8.969696969696969724e-01 4.924683272966841406e+13 1.396806187994384107e-01
9.090909090909090606e-01 4.899273583248278125e+13 1.327776881018268573e-01
9.212121212121212599e-01 4.874077521737290625e+13 1.260465403381487992e-01
9.333333333333333481e-01 4.849361336801679688e+13 1.197327183687476593e-01
9.454545454545454364e-01 4.824840940658532812e+13 1.136058971218713159e-01
9.575757575757575246e-01 4.800586257876588281e+13 1.077328625698500270e-01
9.696969696969697239e-01 4.776668769810386719e+13 1.022176260259383268e-01
9.818181818181818121e-01 4.752895290117635156e+13 9.686334343372372813e-02
9.939393939393939004e-01 4.729438471188766406e+13 9.188840198474595988e-02
1.006060606060606100e+00 9.999999999999999547e-07 8.414361474367060278e-02
1.018181818181818077e+00 9.999999999999999547e-07 7.453828731687801856e-02
1.030303030303030276e+00 9.999999999999999547e-07 6.602944612088194887e-02
1.042424242424242475e+00 9.999999999999999547e-07 5.849192290259699195e-02
1.054545454545454453e+00 9.999999999999999547e-07 5.181483786157889404e-02
1.066666666666666652e+00 9.999999999999999547e-07 4.589996856647197976e-02
1.078787878787878851e+00 9.999999999999999547e-07 4.066030506611561374e-02
1.090909090909090828e+00 9.999999999999999547e-07 3.601876994044890534e-02
1.103030303030303028e+00 9.999999999999999547e-07 3.190708446268237380e-02
1.115151515151515227e+00 9.999999999999999547e-07 2.826476419355643255e-02
1.127272727272727204e+00 9.999999999999999547e-07 2.503822923249909502e-02
1.139393939393939403e+00 9.999999999999999547e-07 2.218001603714385081e-02
1.151515151515151603e+00 9.999999999999999547e-07 1.964807921677677940e-02
1.163636363636363580e+00 9.999999999999999547e-07 1.740517302883106202e-02
1.175757575757575779e+00 9.999999999999999547e-07 1.541830348001030360e-02
1.187878787878787978e+00 9.999999999999999547e-07 1.365824297224257390e-02
1.199999999999999956e+00 9.999999999999999547e-07 1.209910035372383473e-02
